
2 2 2
1 2 0 0 2 
-1 1 1 1 1 

6 5 4
-1 3 0 3 0 0 3 0 3 
6 3 0 2 1 1 2 0 3 
-4 3 0 1 2 1 2 1 2 
-4 2 1 2 1 2 1 0 3 
3 2 1 2 1 1 2 1 2 

4 6 3
1 2 0 2 1 0 3 
-1 2 0 1 2 1 2 
-1 1 1 3 0 0 3 
1 1 1 2 1 1 2 
1 0 2 3 0 1 2 
-1 0 2 2 1 2 1 

6 13 5
-1 2 0 2 0 2 0 0 3 0 3 
6 2 0 2 0 1 1 1 2 0 3 
-3 2 0 2 0 0 2 1 2 1 2 
-6 2 0 1 1 1 1 2 1 0 3 
-6 2 0 1 1 1 1 1 2 1 2 
12 2 0 1 1 0 2 2 1 1 2 
-3 2 0 0 2 0 2 2 1 2 1 
2 1 1 1 1 1 1 3 0 0 3 
6 1 1 1 1 1 1 2 1 1 2 
-6 1 1 1 1 0 2 3 0 1 2 
-6 1 1 1 1 0 2 2 1 2 1 
6 1 1 0 2 0 2 3 0 2 1 
-1 0 2 0 2 0 2 3 0 3 0 

4 3 2
1 4 0 0 4 
-4 3 1 1 3 
3 2 2 2 2 

6 5 3
1 4 0 2 2 0 4 
-1 4 0 1 3 1 3 
-1 3 1 3 1 0 4 
2 3 1 2 2 1 3 
-1 2 2 2 2 2 2 

4 6 3
1 2 0 2 0 0 4 
-4 2 0 1 1 1 3 
2 2 0 0 2 2 2 
4 1 1 1 1 2 2 
-4 1 1 0 2 3 1 
1 0 2 0 2 4 0 

6 13 4
1 2 0 2 0 2 2 0 4 
-1 2 0 2 0 1 3 1 3 
-2 2 0 1 1 3 1 0 4 
2 2 0 1 1 2 2 1 3 
1 2 0 0 2 4 0 0 4 
-2 2 0 0 2 3 1 1 3 
1 2 0 0 2 2 2 2 2 
4 1 1 1 1 3 1 1 3 
-4 1 1 1 1 2 2 2 2 
-2 1 1 0 2 4 0 1 3 
2 1 1 0 2 3 1 2 2 
1 0 2 0 2 4 0 2 2 
-1 0 2 0 2 3 1 3 1 

6 18 4
1 2 0 3 0 1 2 0 4 
-1 2 0 3 0 0 3 1 3 
-1 2 0 2 1 2 1 0 4 
1 2 0 2 1 1 2 1 3 
1 2 0 2 1 0 3 2 2 
-1 2 0 1 2 1 2 2 2 
-2 1 1 3 0 1 2 1 3 
2 1 1 3 0 0 3 2 2 
2 1 1 2 1 2 1 1 3 
-2 1 1 2 1 1 2 2 2 
-2 1 1 2 1 0 3 3 1 
2 1 1 1 2 1 2 3 1 
1 0 2 3 0 1 2 2 2 
-1 0 2 3 0 0 3 3 1 
-1 0 2 2 1 2 1 2 2 
1 0 2 2 1 1 2 3 1 
1 0 2 2 1 0 3 4 0 
-1 0 2 1 2 1 2 4 0 

10 12 4
-1 5 0 5 0 0 5 0 5 
10 5 0 4 1 1 4 0 5 
-4 5 0 3 2 2 3 0 5 
-16 5 0 3 2 1 4 1 4 
12 5 0 2 3 2 3 1 4 
-16 4 1 4 1 2 3 0 5 
-9 4 1 4 1 1 4 1 4 
12 4 1 3 2 3 2 0 5 
76 4 1 3 2 2 3 1 4 
-48 4 1 2 3 2 3 2 3 
-48 3 2 3 2 3 2 1 4 
32 3 2 3 2 2 3 2 3 

6 9 3
1 2 0 4 1 0 5 
-4 2 0 3 2 1 4 
3 2 0 2 3 2 3 
-1 1 1 5 0 0 5 
3 1 1 4 1 1 4 
-2 1 1 3 2 2 3 
1 0 2 5 0 1 4 
-4 0 2 4 1 2 3 
3 0 2 3 2 3 2 

8 23 5
1 2 0 2 0 2 0 2 3 0 5 
-1 2 0 2 0 2 0 1 4 1 4 
-3 2 0 2 0 1 1 3 2 0 5 
3 2 0 2 0 1 1 2 3 1 4 
1 2 0 2 0 0 2 4 1 0 5 
-1 2 0 2 0 0 2 3 2 1 4 
2 2 0 1 1 1 1 4 1 0 5 
4 2 0 1 1 1 1 3 2 1 4 
-6 2 0 1 1 1 1 2 3 2 3 
-1 2 0 1 1 0 2 5 0 0 5 
-3 2 0 1 1 0 2 4 1 1 4 
4 2 0 1 1 0 2 3 2 2 3 
1 2 0 0 2 0 2 5 0 1 4 
-1 2 0 0 2 0 2 4 1 2 3 
-4 1 1 1 1 1 1 4 1 1 4 
4 1 1 1 1 1 1 3 2 2 3 
2 1 1 1 1 0 2 5 0 1 4 
4 1 1 1 1 0 2 4 1 2 3 
-6 1 1 1 1 0 2 3 2 3 2 
-3 1 1 0 2 0 2 5 0 2 3 
3 1 1 0 2 0 2 4 1 3 2 
1 0 2 0 2 0 2 5 0 3 2 
-1 0 2 0 2 0 2 4 1 4 1 

10 34 7
-1 2 0 2 0 2 0 2 0 2 0 0 5 0 5 
10 2 0 2 0 2 0 2 0 1 1 1 4 0 5 
-5 2 0 2 0 2 0 2 0 0 2 1 4 1 4 
-20 2 0 2 0 2 0 1 1 1 1 2 3 0 5 
-20 2 0 2 0 2 0 1 1 1 1 1 4 1 4 
40 2 0 2 0 2 0 1 1 0 2 2 3 1 4 
-10 2 0 2 0 2 0 0 2 0 2 2 3 2 3 
20 2 0 2 0 1 1 1 1 1 1 3 2 0 5 
60 2 0 2 0 1 1 1 1 1 1 2 3 1 4 
-60 2 0 2 0 1 1 1 1 0 2 3 2 1 4 
-60 2 0 2 0 1 1 1 1 0 2 2 3 2 3 
60 2 0 2 0 1 1 0 2 0 2 3 2 2 3 
-10 2 0 2 0 0 2 0 2 0 2 3 2 3 2 
-10 2 0 1 1 1 1 1 1 1 1 4 1 0 5 
-40 2 0 1 1 1 1 1 1 1 1 3 2 1 4 
-30 2 0 1 1 1 1 1 1 1 1 2 3 2 3 
40 2 0 1 1 1 1 1 1 0 2 4 1 1 4 
120 2 0 1 1 1 1 1 1 0 2 3 2 2 3 
-60 2 0 1 1 1 1 0 2 0 2 4 1 2 3 
-60 2 0 1 1 1 1 0 2 0 2 3 2 3 2 
40 2 0 1 1 0 2 0 2 0 2 4 1 3 2 
-5 2 0 0 2 0 2 0 2 0 2 4 1 4 1 
2 1 1 1 1 1 1 1 1 1 1 5 0 0 5 
10 1 1 1 1 1 1 1 1 1 1 4 1 1 4 
20 1 1 1 1 1 1 1 1 1 1 3 2 2 3 
-10 1 1 1 1 1 1 1 1 0 2 5 0 1 4 
-40 1 1 1 1 1 1 1 1 0 2 4 1 2 3 
-30 1 1 1 1 1 1 1 1 0 2 3 2 3 2 
20 1 1 1 1 1 1 0 2 0 2 5 0 2 3 
60 1 1 1 1 1 1 0 2 0 2 4 1 3 2 
-20 1 1 1 1 0 2 0 2 0 2 5 0 3 2 
-20 1 1 1 1 0 2 0 2 0 2 4 1 4 1 
10 1 1 0 2 0 2 0 2 0 2 5 0 4 1 
-1 0 2 0 2 0 2 0 2 0 2 5 0 5 0 

5 12 3
-1 2 0 3 0 0 5 
3 2 0 2 1 1 4 
-3 2 0 1 2 2 3 
1 2 0 0 3 3 2 
2 1 1 3 0 1 4 
-6 1 1 2 1 2 3 
6 1 1 1 2 3 2 
-2 1 1 0 3 4 1 
-1 0 2 3 0 2 3 
3 0 2 2 1 3 2 
-3 0 2 1 2 4 1 
1 0 2 0 3 5 0 

6 22 4
1 2 0 2 0 2 1 0 5 
-2 2 0 2 0 1 2 1 4 
1 2 0 2 0 0 3 2 3 
-1 2 0 1 1 3 0 0 5 
-1 2 0 1 1 2 1 1 4 
5 2 0 1 1 1 2 2 3 
-3 2 0 1 1 0 3 3 2 
1 2 0 0 2 3 0 1 4 
-1 2 0 0 2 2 1 2 3 
-1 2 0 0 2 1 2 3 2 
1 2 0 0 2 0 3 4 1 
2 1 1 1 1 3 0 1 4 
-2 1 1 1 1 2 1 2 3 
-2 1 1 1 1 1 2 3 2 
2 1 1 1 1 0 3 4 1 
-3 1 1 0 2 3 0 2 3 
5 1 1 0 2 2 1 3 2 
-1 1 1 0 2 1 2 4 1 
-1 1 1 0 2 0 3 5 0 
1 0 2 0 2 3 0 3 2 
-2 0 2 0 2 2 1 4 1 
1 0 2 0 2 1 2 5 0 

6 4 2
1 6 0 0 6 
-6 5 1 1 5 
15 4 2 2 4 
-10 3 3 3 3 

6 10 4
1 2 0 2 0 2 0 0 6 
-6 2 0 2 0 1 1 1 5 
3 2 0 2 0 0 2 2 4 
12 2 0 1 1 1 1 2 4 
-12 2 0 1 1 0 2 3 3 
3 2 0 0 2 0 2 4 2 
-8 1 1 1 1 1 1 3 3 
12 1 1 1 1 0 2 4 2 
-6 1 1 0 2 0 2 5 1 
1 0 2 0 2 0 2 6 0 

8 19 4
1 2 0 2 0 4 2 0 6 
-4 2 0 2 0 3 3 1 5 
3 2 0 2 0 2 4 2 4 
-2 2 0 1 1 5 1 0 6 
6 2 0 1 1 4 2 1 5 
-4 2 0 1 1 3 3 2 4 
1 2 0 0 2 6 0 0 6 
-4 2 0 0 2 5 1 1 5 
7 2 0 0 2 4 2 2 4 
-4 2 0 0 2 3 3 3 3 
4 1 1 1 1 5 1 1 5 
-16 1 1 1 1 4 2 2 4 
12 1 1 1 1 3 3 3 3 
-2 1 1 0 2 6 0 1 5 
6 1 1 0 2 5 1 2 4 
-4 1 1 0 2 4 2 3 3 
1 0 2 0 2 6 0 2 4 
-4 0 2 0 2 5 1 3 3 
3 0 2 0 2 4 2 4 2 

10 24 4
1 2 0 6 0 2 4 0 6 
-1 2 0 6 0 1 5 1 5 
-3 2 0 5 1 3 3 0 6 
3 2 0 5 1 2 4 1 5 
2 2 0 4 2 4 2 0 6 
-1 2 0 4 2 3 3 1 5 
-3 2 0 4 2 2 4 2 4 
2 2 0 3 3 3 3 2 4 
-1 1 1 6 0 3 3 0 6 
1 1 1 6 0 2 4 1 5 
1 1 1 5 1 4 2 0 6 
8 1 1 5 1 3 3 1 5 
-9 1 1 5 1 2 4 2 4 
-9 1 1 4 2 4 2 1 5 
17 1 1 4 2 3 3 2 4 
-8 1 1 3 3 3 3 3 3 
1 0 2 6 0 4 2 0 6 
-3 0 2 6 0 3 3 1 5 
2 0 2 6 0 2 4 2 4 
-1 0 2 5 1 5 1 0 6 
3 0 2 5 1 4 2 1 5 
-1 0 2 5 1 3 3 2 4 
-3 0 2 4 2 4 2 2 4 
2 0 2 4 2 3 3 3 3 

10 36 6
1 2 0 2 0 2 0 2 0 2 4 0 6 
-1 2 0 2 0 2 0 2 0 1 5 1 5 
-4 2 0 2 0 2 0 1 1 3 3 0 6 
4 2 0 2 0 2 0 1 1 2 4 1 5 
2 2 0 2 0 2 0 0 2 4 2 0 6 
-4 2 0 2 0 2 0 0 2 3 3 1 5 
2 2 0 2 0 2 0 0 2 2 4 2 4 
4 2 0 2 0 1 1 1 1 4 2 0 6 
8 2 0 2 0 1 1 1 1 3 3 1 5 
-12 2 0 2 0 1 1 1 1 2 4 2 4 
-4 2 0 2 0 1 1 0 2 5 1 0 6 
4 2 0 2 0 1 1 0 2 3 3 2 4 
1 2 0 2 0 0 2 0 2 6 0 0 6 
-2 2 0 2 0 0 2 0 2 5 1 1 5 
5 2 0 2 0 0 2 0 2 4 2 2 4 
-4 2 0 2 0 0 2 0 2 3 3 3 3 
-16 2 0 1 1 1 1 1 1 4 2 1 5 
16 2 0 1 1 1 1 1 1 3 3 2 4 
16 2 0 1 1 1 1 0 2 5 1 1 5 
-16 2 0 1 1 1 1 0 2 4 2 2 4 
-4 2 0 1 1 0 2 0 2 6 0 1 5 
4 2 0 1 1 0 2 0 2 4 2 3 3 
2 2 0 0 2 0 2 0 2 6 0 2 4 
-4 2 0 0 2 0 2 0 2 5 1 3 3 
2 2 0 0 2 0 2 0 2 4 2 4 2 
16 1 1 1 1 1 1 1 1 4 2 2 4 
-16 1 1 1 1 1 1 1 1 3 3 3 3 
-16 1 1 1 1 1 1 0 2 5 1 2 4 
16 1 1 1 1 1 1 0 2 4 2 3 3 
4 1 1 1 1 0 2 0 2 6 0 2 4 
8 1 1 1 1 0 2 0 2 5 1 3 3 
-12 1 1 1 1 0 2 0 2 4 2 4 2 
-4 1 1 0 2 0 2 0 2 6 0 3 3 
4 1 1 0 2 0 2 0 2 5 1 4 2 
1 0 2 0 2 0 2 0 2 6 0 4 2 
-1 0 2 0 2 0 2 0 2 5 1 5 1 

6 10 3
1 3 0 3 0 0 6 
-6 3 0 2 1 1 5 
6 3 0 1 2 2 4 
-2 3 0 0 3 3 3 
9 2 1 2 1 2 4 
-18 2 1 1 2 3 3 
6 2 1 0 3 4 2 
9 1 2 1 2 4 2 
-6 1 2 0 3 5 1 
1 0 3 0 3 6 0 

7 26 4
-1 2 0 3 0 2 1 0 6 
2 2 0 3 0 1 2 1 5 
-1 2 0 3 0 0 3 2 4 
3 2 0 2 1 2 1 1 5 
-9 2 0 2 1 1 2 2 4 
4 2 0 2 1 0 3 3 3 
6 2 0 1 2 1 2 3 3 
-5 2 0 1 2 0 3 4 2 
1 2 0 0 3 0 3 5 1 
1 1 1 3 0 3 0 0 6 
-4 1 1 3 0 2 1 1 5 
2 1 1 3 0 1 2 2 4 
3 1 1 2 1 2 1 2 4 
-2 1 1 2 1 0 3 4 2 
-3 1 1 1 2 1 2 4 2 
4 1 1 1 2 0 3 5 1 
-1 1 1 0 3 0 3 6 0 
-1 0 2 3 0 3 0 1 5 
5 0 2 3 0 2 1 2 4 
-4 0 2 3 0 1 2 3 3 
1 0 2 3 0 0 3 4 2 
-6 0 2 2 1 2 1 3 3 
9 0 2 2 1 1 2 4 2 
-2 0 2 2 1 0 3 5 1 
-3 0 2 1 2 1 2 5 1 
1 0 2 1 2 0 3 6 0 

8 12 3
1 2 0 6 1 0 7 
-6 2 0 5 2 1 6 
15 2 0 4 3 2 5 
-10 2 0 3 4 3 4 
-1 1 1 7 0 0 7 
5 1 1 6 1 1 6 
-9 1 1 5 2 2 5 
5 1 1 4 3 3 4 
1 0 2 7 0 1 6 
-6 0 2 6 1 2 5 
15 0 2 5 2 3 4 
-10 0 2 4 3 4 3 

10 33 5
1 2 0 2 0 2 0 4 3 0 7 
-4 2 0 2 0 2 0 3 4 1 6 
3 2 0 2 0 2 0 2 5 2 5 
-3 2 0 2 0 1 1 5 2 0 7 
9 2 0 2 0 1 1 4 3 1 6 
-6 2 0 2 0 1 1 3 4 2 5 
1 2 0 2 0 0 2 6 1 0 7 
-3 2 0 2 0 0 2 5 2 1 6 
3 2 0 2 0 0 2 4 3 2 5 
-1 2 0 2 0 0 2 3 4 3 4 
2 2 0 1 1 1 1 6 1 0 7 
-18 2 0 1 1 1 1 4 3 2 5 
16 2 0 1 1 1 1 3 4 3 4 
-1 2 0 1 1 0 2 7 0 0 7 
-1 2 0 1 1 0 2 6 1 1 6 
9 2 0 1 1 0 2 5 2 2 5 
-7 2 0 1 1 0 2 4 3 3 4 
1 2 0 0 2 0 2 7 0 1 6 
-3 2 0 0 2 0 2 6 1 2 5 
3 2 0 0 2 0 2 5 2 3 4 
-1 2 0 0 2 0 2 4 3 4 3 
-4 1 1 1 1 1 1 6 1 1 6 
12 1 1 1 1 1 1 5 2 2 5 
-8 1 1 1 1 1 1 4 3 3 4 
2 1 1 1 1 0 2 7 0 1 6 
-18 1 1 1 1 0 2 5 2 3 4 
16 1 1 1 1 0 2 4 3 4 3 
-3 1 1 0 2 0 2 7 0 2 5 
9 1 1 0 2 0 2 6 1 3 4 
-6 1 1 0 2 0 2 5 2 4 3 
1 0 2 0 2 0 2 7 0 3 4 
-4 0 2 0 2 0 2 6 1 4 3 
3 0 2 0 2 0 2 5 2 5 2 

7 24 4
-1 2 0 2 0 3 0 0 7 
3 2 0 2 0 2 1 1 6 
-3 2 0 2 0 1 2 2 5 
1 2 0 2 0 0 3 3 4 
4 2 0 1 1 3 0 1 6 
-12 2 0 1 1 2 1 2 5 
12 2 0 1 1 1 2 3 4 
-4 2 0 1 1 0 3 4 3 
-2 2 0 0 2 3 0 2 5 
6 2 0 0 2 2 1 3 4 
-6 2 0 0 2 1 2 4 3 
2 2 0 0 2 0 3 5 2 
-4 1 1 1 1 3 0 2 5 
12 1 1 1 1 2 1 3 4 
-12 1 1 1 1 1 2 4 3 
4 1 1 1 1 0 3 5 2 
4 1 1 0 2 3 0 3 4 
-12 1 1 0 2 2 1 4 3 
12 1 1 0 2 1 2 5 2 
-4 1 1 0 2 0 3 6 1 
-1 0 2 0 2 3 0 4 3 
3 0 2 0 2 2 1 5 2 
-3 0 2 0 2 1 2 6 1 
1 0 2 0 2 0 3 7 0 

8 34 5
1 2 0 2 0 2 0 2 1 0 7 
-2 2 0 2 0 2 0 1 2 1 6 
1 2 0 2 0 2 0 0 3 2 5 
-1 2 0 2 0 1 1 3 0 0 7 
-3 2 0 2 0 1 1 2 1 1 6 
9 2 0 2 0 1 1 1 2 2 5 
-5 2 0 2 0 1 1 0 3 3 4 
1 2 0 2 0 0 2 3 0 1 6 
-3 2 0 2 0 0 2 1 2 3 4 
2 2 0 2 0 0 2 0 3 4 3 
4 2 0 1 1 1 1 3 0 1 6 
-12 2 0 1 1 1 1 1 2 3 4 
8 2 0 1 1 1 1 0 3 4 3 
-6 2 0 1 1 0 2 3 0 2 5 
6 2 0 1 1 0 2 2 1 3 4 
6 2 0 1 1 0 2 1 2 4 3 
-6 2 0 1 1 0 2 0 3 5 2 
2 2 0 0 2 0 2 3 0 3 4 
-3 2 0 0 2 0 2 2 1 4 3 
1 2 0 0 2 0 2 0 3 6 1 
-4 1 1 1 1 1 1 3 0 2 5 
4 1 1 1 1 1 1 2 1 3 4 
4 1 1 1 1 1 1 1 2 4 3 
-4 1 1 1 1 1 1 0 3 5 2 
8 1 1 1 1 0 2 3 0 3 4 
-12 1 1 1 1 0 2 2 1 4 3 
4 1 1 1 1 0 2 0 3 6 1 
-5 1 1 0 2 0 2 3 0 4 3 
9 1 1 0 2 0 2 2 1 5 2 
-3 1 1 0 2 0 2 1 2 6 1 
-1 1 1 0 2 0 2 0 3 7 0 
1 0 2 0 2 0 2 3 0 5 2 
-2 0 2 0 2 0 2 2 1 6 1 
1 0 2 0 2 0 2 1 2 7 0 

9 48 5
-1 2 0 3 0 3 0 1 2 0 7 
1 2 0 3 0 3 0 0 3 1 6 
6 2 0 3 0 2 1 1 2 1 6 
-6 2 0 3 0 2 1 0 3 2 5 
-6 2 0 3 0 1 2 1 2 2 5 
8 2 0 3 0 1 2 0 3 3 4 
-2 2 0 3 0 0 3 0 3 4 3 
-9 2 0 2 1 2 1 1 2 2 5 
9 2 0 2 1 2 1 0 3 3 4 
18 2 0 2 1 1 2 1 2 3 4 
-24 2 0 2 1 1 2 0 3 4 3 
6 2 0 2 1 0 3 0 3 5 2 
-9 2 0 1 2 1 2 1 2 4 3 
15 2 0 1 2 1 2 0 3 5 2 
-7 2 0 1 2 0 3 0 3 6 1 
1 2 0 0 3 0 3 0 3 7 0 
2 1 1 3 0 3 0 2 1 0 7 
-2 1 1 3 0 3 0 1 2 1 6 
-12 1 1 3 0 2 1 2 1 1 6 
24 1 1 3 0 2 1 1 2 2 5 
-4 1 1 3 0 2 1 0 3 3 4 
-12 1 1 3 0 1 2 1 2 3 4 
4 1 1 3 0 1 2 0 3 4 3 
18 1 1 2 1 2 1 2 1 2 5 
-54 1 1 2 1 2 1 1 2 3 4 
12 1 1 2 1 2 1 0 3 4 3 
54 1 1 2 1 1 2 1 2 4 3 
-24 1 1 2 1 1 2 0 3 5 2 
2 1 1 2 1 0 3 0 3 6 1 
-18 1 1 1 2 1 2 1 2 5 2 
12 1 1 1 2 1 2 0 3 6 1 
-2 1 1 1 2 0 3 0 3 7 0 
-1 0 2 3 0 3 0 3 0 0 7 
7 0 2 3 0 3 0 2 1 1 6 
-6 0 2 3 0 3 0 1 2 2 5 
2 0 2 3 0 3 0 0 3 3 4 
-15 0 2 3 0 2 1 2 1 2 5 
24 0 2 3 0 2 1 1 2 3 4 
-8 0 2 3 0 2 1 0 3 4 3 
-9 0 2 3 0 1 2 1 2 4 3 
6 0 2 3 0 1 2 0 3 5 2 
-1 0 2 3 0 0 3 0 3 6 1 
9 0 2 2 1 2 1 2 1 3 4 
-18 0 2 2 1 2 1 1 2 4 3 
6 0 2 2 1 2 1 0 3 5 2 
9 0 2 2 1 1 2 1 2 5 2 
-6 0 2 2 1 1 2 0 3 6 1 
1 0 2 2 1 0 3 0 3 7 0 

9 48 5
-1 2 0 3 0 3 0 1 2 0 7 
1 2 0 3 0 3 0 0 3 1 6 
1 2 0 3 0 2 1 2 1 0 7 
2 2 0 3 0 2 1 1 2 1 6 
-4 2 0 3 0 2 1 0 3 2 5 
-2 2 0 3 0 1 2 1 2 2 5 
4 2 0 3 0 1 2 0 3 3 4 
-1 2 0 3 0 0 3 0 3 4 3 
-3 2 0 2 1 2 1 2 1 1 6 
6 2 0 2 1 2 1 1 2 2 5 
2 2 0 2 1 2 1 0 3 3 4 
-6 2 0 2 1 1 2 1 2 3 4 
-2 2 0 2 1 1 2 0 3 4 3 
1 2 0 2 1 0 3 0 3 5 2 
3 2 0 1 2 1 2 1 2 4 3 
-1 2 0 1 2 1 2 0 3 5 2 
2 1 1 3 0 3 0 1 2 1 6 
-2 1 1 3 0 3 0 0 3 2 5 
-2 1 1 3 0 2 1 2 1 1 6 
-4 1 1 3 0 2 1 1 2 2 5 
8 1 1 3 0 2 1 0 3 3 4 
4 1 1 3 0 1 2 1 2 3 4 
-8 1 1 3 0 1 2 0 3 4 3 
2 1 1 3 0 0 3 0 3 5 2 
6 1 1 2 1 2 1 2 1 2 5 
-12 1 1 2 1 2 1 1 2 3 4 
-4 1 1 2 1 2 1 0 3 4 3 
12 1 1 2 1 1 2 1 2 4 3 
4 1 1 2 1 1 2 0 3 5 2 
-2 1 1 2 1 0 3 0 3 6 1 
-6 1 1 1 2 1 2 1 2 5 2 
2 1 1 1 2 1 2 0 3 6 1 
-1 0 2 3 0 3 0 1 2 2 5 
1 0 2 3 0 3 0 0 3 3 4 
1 0 2 3 0 2 1 2 1 2 5 
2 0 2 3 0 2 1 1 2 3 4 
-4 0 2 3 0 2 1 0 3 4 3 
-2 0 2 3 0 1 2 1 2 4 3 
4 0 2 3 0 1 2 0 3 5 2 
-1 0 2 3 0 0 3 0 3 6 1 
-3 0 2 2 1 2 1 2 1 3 4 
6 0 2 2 1 2 1 1 2 4 3 
2 0 2 2 1 2 1 0 3 5 2 
-6 0 2 2 1 1 2 1 2 5 2 
-2 0 2 2 1 1 2 0 3 6 1 
1 0 2 2 1 0 3 0 3 7 0 
3 0 2 1 2 1 2 1 2 6 1 
-1 0 2 1 2 1 2 0 3 7 0 

9 44 6
-1 2 0 2 0 2 0 2 0 1 2 0 7 
1 2 0 2 0 2 0 2 0 0 3 1 6 
2 2 0 2 0 2 0 1 1 2 1 0 7 
4 2 0 2 0 2 0 1 1 1 2 1 6 
-6 2 0 2 0 2 0 1 1 0 3 2 5 
-1 2 0 2 0 2 0 0 2 3 0 0 7 
1 2 0 2 0 2 0 0 2 2 1 1 6 
-3 2 0 2 0 2 0 0 2 1 2 2 5 
3 2 0 2 0 2 0 0 2 0 3 3 4 
-12 2 0 2 0 1 1 1 1 2 1 1 6 
12 2 0 2 0 1 1 1 1 0 3 3 4 
6 2 0 2 0 1 1 0 2 3 0 1 6 
6 2 0 2 0 1 1 0 2 1 2 3 4 
-12 2 0 2 0 1 1 0 2 0 3 4 3 
-3 2 0 2 0 0 2 0 2 3 0 2 5 
3 2 0 2 0 0 2 0 2 2 1 3 4 
-3 2 0 2 0 0 2 0 2 1 2 4 3 
3 2 0 2 0 0 2 0 2 0 3 5 2 
24 2 0 1 1 1 1 1 1 2 1 2 5 
-16 2 0 1 1 1 1 1 1 1 2 3 4 
-8 2 0 1 1 1 1 1 1 0 3 4 3 
-12 2 0 1 1 1 1 0 2 3 0 2 5 
-12 2 0 1 1 1 1 0 2 2 1 3 4 
12 2 0 1 1 1 1 0 2 1 2 4 3 
12 2 0 1 1 1 1 0 2 0 3 5 2 
12 2 0 1 1 0 2 0 2 3 0 3 4 
-6 2 0 1 1 0 2 0 2 2 1 4 3 
-6 2 0 1 1 0 2 0 2 0 3 6 1 
-3 2 0 0 2 0 2 0 2 3 0 4 3 
3 2 0 0 2 0 2 0 2 2 1 5 2 
-1 2 0 0 2 0 2 0 2 1 2 6 1 
1 2 0 0 2 0 2 0 2 0 3 7 0 
-16 1 1 1 1 1 1 1 1 2 1 3 4 
16 1 1 1 1 1 1 1 1 1 2 4 3 
8 1 1 1 1 1 1 0 2 3 0 3 4 
16 1 1 1 1 1 1 0 2 2 1 4 3 
-24 1 1 1 1 1 1 0 2 1 2 5 2 
-12 1 1 1 1 0 2 0 2 3 0 4 3 
12 1 1 1 1 0 2 0 2 1 2 6 1 
6 1 1 0 2 0 2 0 2 3 0 5 2 
-4 1 1 0 2 0 2 0 2 2 1 6 1 
-2 1 1 0 2 0 2 0 2 1 2 7 0 
-1 0 2 0 2 0 2 0 2 3 0 6 1 
1 0 2 0 2 0 2 0 2 2 1 7 0 

10 88 6
1 2 0 2 0 3 0 2 1 1 2 0 7 
-1 2 0 2 0 3 0 2 1 0 3 1 6 
-2 2 0 2 0 3 0 1 2 1 2 1 6 
3 2 0 2 0 3 0 1 2 0 3 2 5 
-1 2 0 2 0 3 0 0 3 0 3 3 4 
-3 2 0 2 0 2 1 2 1 1 2 1 6 
3 2 0 2 0 2 1 2 1 0 3 2 5 
9 2 0 2 0 2 1 1 2 1 2 2 5 
-13 2 0 2 0 2 1 1 2 0 3 3 4 
4 2 0 2 0 2 1 0 3 0 3 4 3 
-6 2 0 2 0 1 2 1 2 1 2 3 4 
11 2 0 2 0 1 2 1 2 0 3 4 3 
-6 2 0 2 0 1 2 0 3 0 3 5 2 
1 2 0 2 0 0 3 0 3 0 3 6 1 
-1 2 0 1 1 3 0 3 0 1 2 0 7 
1 2 0 1 1 3 0 3 0 0 3 1 6 
-2 2 0 1 1 3 0 2 1 2 1 0 7 
10 2 0 1 1 3 0 2 1 1 2 1 6 
-6 2 0 1 1 3 0 2 1 0 3 2 5 
-6 2 0 1 1 3 0 1 2 1 2 2 5 
4 2 0 1 1 3 0 1 2 0 3 3 4 
6 2 0 1 1 2 1 2 1 2 1 1 6 
-27 2 0 1 1 2 1 2 1 1 2 2 5 
11 2 0 1 1 2 1 2 1 0 3 3 4 
30 2 0 1 1 2 1 1 2 1 2 3 4 
-16 2 0 1 1 2 1 1 2 0 3 4 3 
-9 2 0 1 1 1 2 1 2 1 2 4 3 
3 2 0 1 1 1 2 1 2 0 3 5 2 
3 2 0 1 1 1 2 0 3 0 3 6 1 
-1 2 0 1 1 0 3 0 3 0 3 7 0 
1 2 0 0 2 3 0 3 0 2 1 0 7 
-1 2 0 0 2 3 0 3 0 1 2 1 6 
-4 2 0 0 2 3 0 2 1 2 1 1 6 
6 2 0 0 2 3 0 2 1 1 2 2 5 
-2 2 0 0 2 3 0 1 2 1 2 3 4 
3 2 0 0 2 2 1 2 1 2 1 2 5 
-3 2 0 0 2 2 1 2 1 1 2 3 4 
-2 2 0 0 2 2 1 2 1 0 3 4 3 
-3 2 0 0 2 2 1 1 2 1 2 4 3 
6 2 0 0 2 2 1 1 2 0 3 5 2 
-1 2 0 0 2 2 1 0 3 0 3 6 1 
3 2 0 0 2 1 2 1 2 1 2 5 2 
-4 2 0 0 2 1 2 1 2 0 3 6 1 
1 2 0 0 2 1 2 0 3 0 3 7 0 
2 1 1 1 1 3 0 3 0 2 1 0 7 
-2 1 1 1 1 3 0 3 0 1 2 1 6 
-8 1 1 1 1 3 0 2 1 2 1 1 6 
12 1 1 1 1 3 0 2 1 1 2 2 5 
-4 1 1 1 1 3 0 1 2 1 2 3 4 
6 1 1 1 1 2 1 2 1 2 1 2 5 
-6 1 1 1 1 2 1 2 1 1 2 3 4 
-4 1 1 1 1 2 1 2 1 0 3 4 3 
-6 1 1 1 1 2 1 1 2 1 2 4 3 
12 1 1 1 1 2 1 1 2 0 3 5 2 
-2 1 1 1 1 2 1 0 3 0 3 6 1 
6 1 1 1 1 1 2 1 2 1 2 5 2 
-8 1 1 1 1 1 2 1 2 0 3 6 1 
2 1 1 1 1 1 2 0 3 0 3 7 0 
-1 1 1 0 2 3 0 3 0 3 0 0 7 
3 1 1 0 2 3 0 3 0 2 1 1 6 
3 1 1 0 2 3 0 2 1 2 1 2 5 
-16 1 1 0 2 3 0 2 1 1 2 3 4 
4 1 1 0 2 3 0 2 1 0 3 4 3 
11 1 1 0 2 3 0 1 2 1 2 4 3 
-6 1 1 0 2 3 0 1 2 0 3 5 2 
1 1 1 0 2 3 0 0 3 0 3 6 1 
-9 1 1 0 2 2 1 2 1 2 1 3 4 
30 1 1 0 2 2 1 2 1 1 2 4 3 
-6 1 1 0 2 2 1 2 1 0 3 5 2 
-27 1 1 0 2 2 1 1 2 1 2 5 2 
10 1 1 0 2 2 1 1 2 0 3 6 1 
-1 1 1 0 2 2 1 0 3 0 3 7 0 
6 1 1 0 2 1 2 1 2 1 2 6 1 
-2 1 1 0 2 1 2 1 2 0 3 7 0 
1 0 2 0 2 3 0 3 0 3 0 1 6 
-6 0 2 0 2 3 0 3 0 2 1 2 5 
4 0 2 0 2 3 0 3 0 1 2 3 4 
-1 0 2 0 2 3 0 3 0 0 3 4 3 
11 0 2 0 2 3 0 2 1 2 1 3 4 
-13 0 2 0 2 3 0 2 1 1 2 4 3 
3 0 2 0 2 3 0 2 1 0 3 5 2 
3 0 2 0 2 3 0 1 2 1 2 5 2 
-1 0 2 0 2 3 0 1 2 0 3 6 1 
-6 0 2 0 2 2 1 2 1 2 1 4 3 
9 0 2 0 2 2 1 2 1 1 2 5 2 
-2 0 2 0 2 2 1 2 1 0 3 6 1 
-3 0 2 0 2 2 1 1 2 1 2 6 1 
1 0 2 0 2 2 1 1 2 0 3 7 0 

8 5 2
1 8 0 0 8 
-8 7 1 1 7 
28 6 2 2 6 
-56 5 3 3 5 
35 4 4 4 4 

8 15 5
1 2 0 2 0 2 0 2 0 0 8 
-8 2 0 2 0 2 0 1 1 1 7 
4 2 0 2 0 2 0 0 2 2 6 
24 2 0 2 0 1 1 1 1 2 6 
-24 2 0 2 0 1 1 0 2 3 5 
6 2 0 2 0 0 2 0 2 4 4 
-32 2 0 1 1 1 1 1 1 3 5 
48 2 0 1 1 1 1 0 2 4 4 
-24 2 0 1 1 0 2 0 2 5 3 
4 2 0 0 2 0 2 0 2 6 2 
16 1 1 1 1 1 1 1 1 4 4 
-32 1 1 1 1 1 1 0 2 5 3 
24 1 1 1 1 0 2 0 2 6 2 
-8 1 1 0 2 0 2 0 2 7 1 
1 0 2 0 2 0 2 0 2 8 0 

10 25 4
1 2 0 2 0 6 2 0 8 
-6 2 0 2 0 5 3 1 7 
15 2 0 2 0 4 4 2 6 
-10 2 0 2 0 3 5 3 5 
-2 2 0 1 1 7 1 0 8 
10 2 0 1 1 6 2 1 7 
-18 2 0 1 1 5 3 2 6 
10 2 0 1 1 4 4 3 5 
1 2 0 0 2 8 0 0 8 
-6 2 0 0 2 7 1 1 7 
16 2 0 0 2 6 2 2 6 
-26 2 0 0 2 5 3 3 5 
15 2 0 0 2 4 4 4 4 
4 1 1 1 1 7 1 1 7 
-24 1 1 1 1 6 2 2 6 
60 1 1 1 1 5 3 3 5 
-40 1 1 1 1 4 4 4 4 
-2 1 1 0 2 8 0 1 7 
10 1 1 0 2 7 1 2 6 
-18 1 1 0 2 6 2 3 5 
10 1 1 0 2 5 3 4 4 
1 0 2 0 2 8 0 2 6 
-6 0 2 0 2 7 1 3 5 
15 0 2 0 2 6 2 4 4 
-10 0 2 0 2 5 3 5 3 

10 31 5
1 3 0 3 0 3 0 1 2 0 8 
-1 3 0 3 0 3 0 0 3 1 7 
-1 3 0 3 0 2 1 2 1 0 8 
-5 3 0 3 0 2 1 1 2 1 7 
7 3 0 3 0 2 1 0 3 2 6 
5 3 0 3 0 1 2 1 2 2 6 
-8 3 0 3 0 1 2 0 3 3 5 
2 3 0 3 0 0 3 0 3 4 4 
6 3 0 2 1 2 1 2 1 1 7 
-3 3 0 2 1 2 1 1 2 2 6 
-13 3 0 2 1 2 1 0 3 3 5 
-6 3 0 2 1 1 2 1 2 3 5 
28 3 0 2 1 1 2 0 3 4 4 
-8 3 0 2 1 0 3 0 3 5 3 
3 3 0 1 2 1 2 1 2 4 4 
-13 3 0 1 2 1 2 0 3 5 3 
7 3 0 1 2 0 3 0 3 6 2 
-1 3 0 0 3 0 3 0 3 7 1 
-9 2 1 2 1 2 1 2 1 2 6 
27 2 1 2 1 2 1 1 2 3 5 
3 2 1 2 1 2 1 0 3 4 4 
-36 2 1 2 1 1 2 1 2 4 4 
-6 2 1 2 1 1 2 0 3 5 3 
5 2 1 2 1 0 3 0 3 6 2 
27 2 1 1 2 1 2 1 2 5 3 
-3 2 1 1 2 1 2 0 3 6 2 
-5 2 1 1 2 0 3 0 3 7 1 
1 2 1 0 3 0 3 0 3 8 0 
-9 1 2 1 2 1 2 1 2 6 2 
6 1 2 1 2 1 2 0 3 7 1 
-1 1 2 1 2 0 3 0 3 8 0 

8 30 4
1 2 0 3 0 3 0 0 8 
-6 2 0 3 0 2 1 1 7 
6 2 0 3 0 1 2 2 6 
-2 2 0 3 0 0 3 3 5 
9 2 0 2 1 2 1 2 6 
-18 2 0 2 1 1 2 3 5 
6 2 0 2 1 0 3 4 4 
9 2 0 1 2 1 2 4 4 
-6 2 0 1 2 0 3 5 3 
1 2 0 0 3 0 3 6 2 
-2 1 1 3 0 3 0 1 7 
12 1 1 3 0 2 1 2 6 
-12 1 1 3 0 1 2 3 5 
4 1 1 3 0 0 3 4 4 
-18 1 1 2 1 2 1 3 5 
36 1 1 2 1 1 2 4 4 
-12 1 1 2 1 0 3 5 3 
-18 1 1 1 2 1 2 5 3 
12 1 1 1 2 0 3 6 2 
-2 1 1 0 3 0 3 7 1 
1 0 2 3 0 3 0 2 6 
-6 0 2 3 0 2 1 3 5 
6 0 2 3 0 1 2 4 4 
-2 0 2 3 0 0 3 5 3 
9 0 2 2 1 2 1 4 4 
-18 0 2 2 1 1 2 5 3 
6 0 2 2 1 0 3 6 2 
9 0 2 1 2 1 2 6 2 
-6 0 2 1 2 0 3 7 1 
1 0 2 0 3 0 3 8 0 

9 54 5
-1 2 0 2 0 3 0 2 1 0 8 
2 2 0 2 0 3 0 1 2 1 7 
-1 2 0 2 0 3 0 0 3 2 6 
3 2 0 2 0 2 1 2 1 1 7 
-9 2 0 2 0 2 1 1 2 2 6 
4 2 0 2 0 2 1 0 3 3 5 
6 2 0 2 0 1 2 1 2 3 5 
-5 2 0 2 0 1 2 0 3 4 4 
1 2 0 2 0 0 3 0 3 5 3 
1 2 0 1 1 3 0 3 0 0 8 
-2 2 0 1 1 3 0 2 1 1 7 
-2 2 0 1 1 3 0 1 2 2 6 
2 2 0 1 1 3 0 0 3 3 5 
-3 2 0 1 1 2 1 2 1 2 6 
18 2 0 1 1 2 1 1 2 3 5 
-10 2 0 1 1 2 1 0 3 4 4 
-15 2 0 1 1 1 2 1 2 4 4 
14 2 0 1 1 1 2 0 3 5 3 
-3 2 0 1 1 0 3 0 3 6 2 
-1 2 0 0 2 3 0 3 0 1 7 
4 2 0 0 2 3 0 2 1 2 6 
-2 2 0 0 2 3 0 1 2 3 5 
-3 2 0 0 2 2 1 2 1 3 5 
2 2 0 0 2 2 1 0 3 5 3 
3 2 0 0 2 1 2 1 2 5 3 
-4 2 0 0 2 1 2 0 3 6 2 
1 2 0 0 2 0 3 0 3 7 1 
-2 1 1 1 1 3 0 3 0 1 7 
8 1 1 1 1 3 0 2 1 2 6 
-4 1 1 1 1 3 0 1 2 3 5 
-6 1 1 1 1 2 1 2 1 3 5 
4 1 1 1 1 2 1 0 3 5 3 
6 1 1 1 1 1 2 1 2 5 3 
-8 1 1 1 1 1 2 0 3 6 2 
2 1 1 1 1 0 3 0 3 7 1 
3 1 1 0 2 3 0 3 0 2 6 
-14 1 1 0 2 3 0 2 1 3 5 
10 1 1 0 2 3 0 1 2 4 4 
-2 1 1 0 2 3 0 0 3 5 3 
15 1 1 0 2 2 1 2 1 4 4 
-18 1 1 0 2 2 1 1 2 5 3 
2 1 1 0 2 2 1 0 3 6 2 
3 1 1 0 2 1 2 1 2 6 2 
2 1 1 0 2 1 2 0 3 7 1 
-1 1 1 0 2 0 3 0 3 8 0 
-1 0 2 0 2 3 0 3 0 3 5 
5 0 2 0 2 3 0 2 1 4 4 
-4 0 2 0 2 3 0 1 2 5 3 
1 0 2 0 2 3 0 0 3 6 2 
-6 0 2 0 2 2 1 2 1 5 3 
9 0 2 0 2 2 1 1 2 6 2 
-2 0 2 0 2 2 1 0 3 7 1 
-3 0 2 0 2 1 2 1 2 7 1 
1 0 2 0 2 1 2 0 3 8 0 

10 82 6
1 2 0 2 0 2 0 3 0 1 2 0 8 
-1 2 0 2 0 2 0 3 0 0 3 1 7 
-3 2 0 2 0 2 0 2 1 1 2 1 7 
3 2 0 2 0 2 0 2 1 0 3 2 6 
3 2 0 2 0 2 0 1 2 1 2 2 6 
-4 2 0 2 0 2 0 1 2 0 3 3 5 
1 2 0 2 0 2 0 0 3 0 3 4 4 
-2 2 0 2 0 1 1 3 0 2 1 0 8 
-2 2 0 2 0 1 1 3 0 1 2 1 7 
4 2 0 2 0 1 1 3 0 0 3 2 6 
6 2 0 2 0 1 1 2 1 2 1 1 7 
-10 2 0 2 0 1 1 2 1 0 3 3 5 
-6 2 0 2 0 1 1 1 2 1 2 3 5 
14 2 0 2 0 1 1 1 2 0 3 4 4 
-4 2 0 2 0 1 1 0 3 0 3 5 3 
1 2 0 2 0 0 2 3 0 3 0 0 8 
-4 2 0 2 0 0 2 3 0 2 1 1 7 
5 2 0 2 0 0 2 3 0 1 2 2 6 
-3 2 0 2 0 0 2 3 0 0 3 3 5 
3 2 0 2 0 0 2 2 1 2 1 2 6 
-9 2 0 2 0 0 2 2 1 1 2 3 5 
7 2 0 2 0 0 2 2 1 0 3 4 4 
6 2 0 2 0 0 2 1 2 1 2 4 4 
-8 2 0 2 0 0 2 1 2 0 3 5 3 
2 2 0 2 0 0 2 0 3 0 3 6 2 
8 2 0 1 1 1 1 3 0 2 1 1 7 
-4 2 0 1 1 1 1 3 0 1 2 2 6 
-4 2 0 1 1 1 1 3 0 0 3 3 5 
-24 2 0 1 1 1 1 2 1 2 1 2 6 
36 2 0 1 1 1 1 2 1 1 2 3 5 
4 2 0 1 1 1 1 2 1 0 3 4 4 
-12 2 0 1 1 1 1 1 2 1 2 4 4 
-8 2 0 1 1 1 1 1 2 0 3 5 3 
4 2 0 1 1 1 1 0 3 0 3 6 2 
-4 2 0 1 1 0 2 3 0 3 0 1 7 
12 2 0 1 1 0 2 3 0 2 1 2 6 
-12 2 0 1 1 0 2 3 0 1 2 3 5 
8 2 0 1 1 0 2 3 0 0 3 4 4 
-12 2 0 1 1 0 2 2 1 0 3 5 3 
12 2 0 1 1 0 2 1 2 0 3 6 2 
-4 2 0 1 1 0 2 0 3 0 3 7 1 
2 2 0 0 2 0 2 3 0 3 0 2 6 
-8 2 0 0 2 0 2 3 0 2 1 3 5 
7 2 0 0 2 0 2 3 0 1 2 4 4 
-3 2 0 0 2 0 2 3 0 0 3 5 3 
6 2 0 0 2 0 2 2 1 2 1 4 4 
-9 2 0 0 2 0 2 2 1 1 2 5 3 
5 2 0 0 2 0 2 2 1 0 3 6 2 
3 2 0 0 2 0 2 1 2 1 2 6 2 
-4 2 0 0 2 0 2 1 2 0 3 7 1 
1 2 0 0 2 0 2 0 3 0 3 8 0 
-8 1 1 1 1 1 1 3 0 2 1 2 6 
8 1 1 1 1 1 1 3 0 1 2 3 5 
24 1 1 1 1 1 1 2 1 2 1 3 5 
-48 1 1 1 1 1 1 2 1 1 2 4 4 
8 1 1 1 1 1 1 2 1 0 3 5 3 
24 1 1 1 1 1 1 1 2 1 2 5 3 
-8 1 1 1 1 1 1 1 2 0 3 6 2 
4 1 1 1 1 0 2 3 0 3 0 2 6 
-8 1 1 1 1 0 2 3 0 2 1 3 5 
4 1 1 1 1 0 2 3 0 1 2 4 4 
-4 1 1 1 1 0 2 3 0 0 3 5 3 
-12 1 1 1 1 0 2 2 1 2 1 4 4 
36 1 1 1 1 0 2 2 1 1 2 5 3 
-4 1 1 1 1 0 2 2 1 0 3 6 2 
-24 1 1 1 1 0 2 1 2 1 2 6 2 
8 1 1 1 1 0 2 1 2 0 3 7 1 
-4 1 1 0 2 0 2 3 0 3 0 3 5 
14 1 1 0 2 0 2 3 0 2 1 4 4 
-10 1 1 0 2 0 2 3 0 1 2 5 3 
4 1 1 0 2 0 2 3 0 0 3 6 2 
-6 1 1 0 2 0 2 2 1 2 1 5 3 
-2 1 1 0 2 0 2 2 1 0 3 7 1 
6 1 1 0 2 0 2 1 2 1 2 7 1 
-2 1 1 0 2 0 2 1 2 0 3 8 0 
1 0 2 0 2 0 2 3 0 3 0 4 4 
-4 0 2 0 2 0 2 3 0 2 1 5 3 
3 0 2 0 2 0 2 3 0 1 2 6 2 
-1 0 2 0 2 0 2 3 0 0 3 7 1 
3 0 2 0 2 0 2 2 1 2 1 6 2 
-3 0 2 0 2 0 2 2 1 1 2 7 1 
1 0 2 0 2 0 2 2 1 0 3 8 0 

10 60 6
1 2 0 2 0 2 0 3 0 1 2 0 8 
-1 2 0 2 0 2 0 3 0 0 3 1 7 
-1 2 0 2 0 2 0 2 1 2 1 0 8 
1 2 0 2 0 2 0 2 1 1 2 1 7 
1 2 0 2 0 2 0 2 1 0 3 2 6 
-1 2 0 2 0 2 0 1 2 1 2 2 6 
-6 2 0 2 0 1 1 3 0 1 2 1 7 
6 2 0 2 0 1 1 3 0 0 3 2 6 
6 2 0 2 0 1 1 2 1 2 1 1 7 
-6 2 0 2 0 1 1 2 1 1 2 2 6 
-6 2 0 2 0 1 1 2 1 0 3 3 5 
6 2 0 2 0 1 1 1 2 1 2 3 5 
3 2 0 2 0 0 2 3 0 1 2 2 6 
-3 2 0 2 0 0 2 3 0 0 3 3 5 
-3 2 0 2 0 0 2 2 1 2 1 2 6 
3 2 0 2 0 0 2 2 1 1 2 3 5 
3 2 0 2 0 0 2 2 1 0 3 4 4 
-3 2 0 2 0 0 2 1 2 1 2 4 4 
12 2 0 1 1 1 1 3 0 1 2 2 6 
-12 2 0 1 1 1 1 3 0 0 3 3 5 
-12 2 0 1 1 1 1 2 1 2 1 2 6 
12 2 0 1 1 1 1 2 1 1 2 3 5 
12 2 0 1 1 1 1 2 1 0 3 4 4 
-12 2 0 1 1 1 1 1 2 1 2 4 4 
-12 2 0 1 1 0 2 3 0 1 2 3 5 
12 2 0 1 1 0 2 3 0 0 3 4 4 
12 2 0 1 1 0 2 2 1 2 1 3 5 
-12 2 0 1 1 0 2 2 1 1 2 4 4 
-12 2 0 1 1 0 2 2 1 0 3 5 3 
12 2 0 1 1 0 2 1 2 1 2 5 3 
3 2 0 0 2 0 2 3 0 1 2 4 4 
-3 2 0 0 2 0 2 3 0 0 3 5 3 
-3 2 0 0 2 0 2 2 1 2 1 4 4 
3 2 0 0 2 0 2 2 1 1 2 5 3 
3 2 0 0 2 0 2 2 1 0 3 6 2 
-3 2 0 0 2 0 2 1 2 1 2 6 2 
-8 1 1 1 1 1 1 3 0 1 2 3 5 
8 1 1 1 1 1 1 3 0 0 3 4 4 
8 1 1 1 1 1 1 2 1 2 1 3 5 
-8 1 1 1 1 1 1 2 1 1 2 4 4 
-8 1 1 1 1 1 1 2 1 0 3 5 3 
8 1 1 1 1 1 1 1 2 1 2 5 3 
12 1 1 1 1 0 2 3 0 1 2 4 4 
-12 1 1 1 1 0 2 3 0 0 3 5 3 
-12 1 1 1 1 0 2 2 1 2 1 4 4 
12 1 1 1 1 0 2 2 1 1 2 5 3 
12 1 1 1 1 0 2 2 1 0 3 6 2 
-12 1 1 1 1 0 2 1 2 1 2 6 2 
-6 1 1 0 2 0 2 3 0 1 2 5 3 
6 1 1 0 2 0 2 3 0 0 3 6 2 
6 1 1 0 2 0 2 2 1 2 1 5 3 
-6 1 1 0 2 0 2 2 1 1 2 6 2 
-6 1 1 0 2 0 2 2 1 0 3 7 1 
6 1 1 0 2 0 2 1 2 1 2 7 1 
1 0 2 0 2 0 2 3 0 1 2 6 2 
-1 0 2 0 2 0 2 3 0 0 3 7 1 
-1 0 2 0 2 0 2 2 1 2 1 6 2 
1 0 2 0 2 0 2 2 1 1 2 7 1 
1 0 2 0 2 0 2 2 1 0 3 8 0 
-1 0 2 0 2 0 2 1 2 1 2 8 0 

9 46 5
-1 2 0 2 0 2 0 3 1 0 8 
3 2 0 2 0 2 0 2 2 1 7 
-3 2 0 2 0 2 0 1 3 2 6 
1 2 0 2 0 2 0 0 4 3 5 
1 2 0 2 0 1 1 4 0 0 8 
2 2 0 2 0 1 1 3 1 1 7 
-12 2 0 2 0 1 1 2 2 2 6 
14 2 0 2 0 1 1 1 3 3 5 
-5 2 0 2 0 1 1 0 4 4 4 
-1 2 0 2 0 0 2 4 0 1 7 
1 2 0 2 0 0 2 3 1 2 6 
3 2 0 2 0 0 2 2 2 3 5 
-5 2 0 2 0 0 2 1 3 4 4 
2 2 0 2 0 0 2 0 4 5 3 
-4 2 0 1 1 1 1 4 0 1 7 
4 2 0 1 1 1 1 3 1 2 6 
12 2 0 1 1 1 1 2 2 3 5 
-20 2 0 1 1 1 1 1 3 4 4 
8 2 0 1 1 1 1 0 4 5 3 
6 2 0 1 1 0 2 4 0 2 6 
-12 2 0 1 1 0 2 3 1 3 5 
12 2 0 1 1 0 2 1 3 5 3 
-6 2 0 1 1 0 2 0 4 6 2 
-2 2 0 0 2 0 2 4 0 3 5 
5 2 0 0 2 0 2 3 1 4 4 
-3 2 0 0 2 0 2 2 2 5 3 
-1 2 0 0 2 0 2 1 3 6 2 
1 2 0 0 2 0 2 0 4 7 1 
4 1 1 1 1 1 1 4 0 2 6 
-8 1 1 1 1 1 1 3 1 3 5 
8 1 1 1 1 1 1 1 3 5 3 
-4 1 1 1 1 1 1 0 4 6 2 
-8 1 1 1 1 0 2 4 0 3 5 
20 1 1 1 1 0 2 3 1 4 4 
-12 1 1 1 1 0 2 2 2 5 3 
-4 1 1 1 1 0 2 1 3 6 2 
4 1 1 1 1 0 2 0 4 7 1 
5 1 1 0 2 0 2 4 0 4 4 
-14 1 1 0 2 0 2 3 1 5 3 
12 1 1 0 2 0 2 2 2 6 2 
-2 1 1 0 2 0 2 1 3 7 1 
-1 1 1 0 2 0 2 0 4 8 0 
-1 0 2 0 2 0 2 4 0 5 3 
3 0 2 0 2 0 2 3 1 6 2 
-3 0 2 0 2 0 2 2 2 7 1 
1 0 2 0 2 0 2 1 3 8 0 

10 15 3
1 2 0 8 1 0 9 
-8 2 0 7 2 1 8 
28 2 0 6 3 2 7 
-56 2 0 5 4 3 6 
35 2 0 4 5 4 5 
-1 1 1 9 0 0 9 
7 1 1 8 1 1 8 
-20 1 1 7 2 2 7 
28 1 1 6 3 3 6 
-14 1 1 5 4 4 5 
1 0 2 9 0 1 8 
-8 0 2 8 1 2 7 
28 0 2 7 2 3 6 
-56 0 2 6 3 4 5 
35 0 2 5 4 5 4 

9 20 4
-1 3 0 3 0 3 0 0 9 
9 3 0 3 0 2 1 1 8 
-9 3 0 3 0 1 2 2 7 
3 3 0 3 0 0 3 3 6 
-27 3 0 2 1 2 1 2 7 
54 3 0 2 1 1 2 3 6 
-18 3 0 2 1 0 3 4 5 
-27 3 0 1 2 1 2 4 5 
18 3 0 1 2 0 3 5 4 
-3 3 0 0 3 0 3 6 3 
27 2 1 2 1 2 1 3 6 
-81 2 1 2 1 1 2 4 5 
27 2 1 2 1 0 3 5 4 
81 2 1 1 2 1 2 5 4 
-54 2 1 1 2 0 3 6 3 
9 2 1 0 3 0 3 7 2 
-27 1 2 1 2 1 2 6 3 
27 1 2 1 2 0 3 7 2 
-9 1 2 0 3 0 3 8 1 
1 0 3 0 3 0 3 9 0 

9 40 5
-1 2 0 2 0 2 0 3 0 0 9 
3 2 0 2 0 2 0 2 1 1 8 
-3 2 0 2 0 2 0 1 2 2 7 
1 2 0 2 0 2 0 0 3 3 6 
6 2 0 2 0 1 1 3 0 1 8 
-18 2 0 2 0 1 1 2 1 2 7 
18 2 0 2 0 1 1 1 2 3 6 
-6 2 0 2 0 1 1 0 3 4 5 
-3 2 0 2 0 0 2 3 0 2 7 
9 2 0 2 0 0 2 2 1 3 6 
-9 2 0 2 0 0 2 1 2 4 5 
3 2 0 2 0 0 2 0 3 5 4 
-12 2 0 1 1 1 1 3 0 2 7 
36 2 0 1 1 1 1 2 1 3 6 
-36 2 0 1 1 1 1 1 2 4 5 
12 2 0 1 1 1 1 0 3 5 4 
12 2 0 1 1 0 2 3 0 3 6 
-36 2 0 1 1 0 2 2 1 4 5 
36 2 0 1 1 0 2 1 2 5 4 
-12 2 0 1 1 0 2 0 3 6 3 
-3 2 0 0 2 0 2 3 0 4 5 
9 2 0 0 2 0 2 2 1 5 4 
-9 2 0 0 2 0 2 1 2 6 3 
3 2 0 0 2 0 2 0 3 7 2 
8 1 1 1 1 1 1 3 0 3 6 
-24 1 1 1 1 1 1 2 1 4 5 
24 1 1 1 1 1 1 1 2 5 4 
-8 1 1 1 1 1 1 0 3 6 3 
-12 1 1 1 1 0 2 3 0 4 5 
36 1 1 1 1 0 2 2 1 5 4 
-36 1 1 1 1 0 2 1 2 6 3 
12 1 1 1 1 0 2 0 3 7 2 
6 1 1 0 2 0 2 3 0 5 4 
-18 1 1 0 2 0 2 2 1 6 3 
18 1 1 0 2 0 2 1 2 7 2 
-6 1 1 0 2 0 2 0 3 8 1 
-1 0 2 0 2 0 2 3 0 6 3 
3 0 2 0 2 0 2 2 1 7 2 
-3 0 2 0 2 0 2 1 2 8 1 
1 0 2 0 2 0 2 0 3 9 0 

10 58 5
1 2 0 3 0 3 0 2 1 0 9 
-2 2 0 3 0 3 0 1 2 1 8 
1 2 0 3 0 3 0 0 3 2 7 
-6 2 0 3 0 2 1 2 1 1 8 
18 2 0 3 0 2 1 1 2 2 7 
-8 2 0 3 0 2 1 0 3 3 6 
-12 2 0 3 0 1 2 1 2 3 6 
10 2 0 3 0 1 2 0 3 4 5 
-2 2 0 3 0 0 3 0 3 5 4 
9 2 0 2 1 2 1 2 1 2 7 
-36 2 0 2 1 2 1 1 2 3 6 
15 2 0 2 1 2 1 0 3 4 5 
45 2 0 2 1 1 2 1 2 4 5 
-36 2 0 2 1 1 2 0 3 5 4 
7 2 0 2 1 0 3 0 3 6 3 
-18 2 0 1 2 1 2 1 2 5 4 
21 2 0 1 2 1 2 0 3 6 3 
-8 2 0 1 2 0 3 0 3 7 2 
1 2 0 0 3 0 3 0 3 8 1 
-1 1 1 3 0 3 0 3 0 0 9 
7 1 1 3 0 3 0 2 1 1 8 
-5 1 1 3 0 3 0 1 2 2 7 
1 1 1 3 0 3 0 0 3 3 6 
-15 1 1 3 0 2 1 2 1 2 7 
18 1 1 3 0 2 1 1 2 3 6 
-2 1 1 3 0 2 1 0 3 4 5 
-3 1 1 3 0 1 2 1 2 4 5 
-2 1 1 3 0 1 2 0 3 5 4 
1 1 1 3 0 0 3 0 3 6 3 
9 1 1 2 1 2 1 2 1 3 6 
-9 1 1 2 1 2 1 1 2 4 5 
-3 1 1 2 1 2 1 0 3 5 4 
-9 1 1 2 1 1 2 1 2 5 4 
18 1 1 2 1 1 2 0 3 6 3 
-5 1 1 2 1 0 3 0 3 7 2 
9 1 1 1 2 1 2 1 2 6 3 
-15 1 1 1 2 1 2 0 3 7 2 
7 1 1 1 2 0 3 0 3 8 1 
-1 1 1 0 3 0 3 0 3 9 0 
1 0 2 3 0 3 0 3 0 1 8 
-8 0 2 3 0 3 0 2 1 2 7 
7 0 2 3 0 3 0 1 2 3 6 
-2 0 2 3 0 3 0 0 3 4 5 
21 0 2 3 0 2 1 2 1 3 6 
-36 0 2 3 0 2 1 1 2 4 5 
10 0 2 3 0 2 1 0 3 5 4 
15 0 2 3 0 1 2 1 2 5 4 
-8 0 2 3 0 1 2 0 3 6 3 
1 0 2 3 0 0 3 0 3 7 2 
-18 0 2 2 1 2 1 2 1 4 5 
45 0 2 2 1 2 1 1 2 5 4 
-12 0 2 2 1 2 1 0 3 6 3 
-36 0 2 2 1 1 2 1 2 6 3 
18 0 2 2 1 1 2 0 3 7 2 
-2 0 2 2 1 0 3 0 3 8 1 
9 0 2 1 2 1 2 1 2 7 2 
-6 0 2 1 2 1 2 0 3 8 1 
1 0 2 1 2 0 3 0 3 9 0 

10 58 6
1 2 0 2 0 2 0 2 0 2 1 0 9 
-2 2 0 2 0 2 0 2 0 1 2 1 8 
1 2 0 2 0 2 0 2 0 0 3 2 7 
-1 2 0 2 0 2 0 1 1 3 0 0 9 
-5 2 0 2 0 2 0 1 1 2 1 1 8 
13 2 0 2 0 2 0 1 1 1 2 2 7 
-7 2 0 2 0 2 0 1 1 0 3 3 6 
1 2 0 2 0 2 0 0 2 3 0 1 8 
1 2 0 2 0 2 0 0 2 2 1 2 7 
-5 2 0 2 0 2 0 0 2 1 2 3 6 
3 2 0 2 0 2 0 0 2 0 3 4 5 
6 2 0 2 0 1 1 1 1 3 0 1 8 
6 2 0 2 0 1 1 1 1 2 1 2 7 
-30 2 0 2 0 1 1 1 1 1 2 3 6 
18 2 0 2 0 1 1 1 1 0 3 4 5 
-9 2 0 2 0 1 1 0 2 3 0 2 7 
3 2 0 2 0 1 1 0 2 2 1 3 6 
21 2 0 2 0 1 1 0 2 1 2 4 5 
-15 2 0 2 0 1 1 0 2 0 3 5 4 
3 2 0 2 0 0 2 0 2 3 0 3 6 
-3 2 0 2 0 0 2 0 2 2 1 4 5 
-3 2 0 2 0 0 2 0 2 1 2 5 4 
3 2 0 2 0 0 2 0 2 0 3 6 3 
-12 2 0 1 1 1 1 1 1 3 0 2 7 
4 2 0 1 1 1 1 1 1 2 1 3 6 
28 2 0 1 1 1 1 1 1 1 2 4 5 
-20 2 0 1 1 1 1 1 1 0 3 5 4 
24 2 0 1 1 1 1 0 2 3 0 3 6 
-24 2 0 1 1 1 1 0 2 2 1 4 5 
-24 2 0 1 1 1 1 0 2 1 2 5 4 
24 2 0 1 1 1 1 0 2 0 3 6 3 
-15 2 0 1 1 0 2 0 2 3 0 4 5 
21 2 0 1 1 0 2 0 2 2 1 5 4 
3 2 0 1 1 0 2 0 2 1 2 6 3 
-9 2 0 1 1 0 2 0 2 0 3 7 2 
3 2 0 0 2 0 2 0 2 3 0 5 4 
-5 2 0 0 2 0 2 0 2 2 1 6 3 
1 2 0 0 2 0 2 0 2 1 2 7 2 
1 2 0 0 2 0 2 0 2 0 3 8 1 
8 1 1 1 1 1 1 1 1 3 0 3 6 
-8 1 1 1 1 1 1 1 1 2 1 4 5 
-8 1 1 1 1 1 1 1 1 1 2 5 4 
8 1 1 1 1 1 1 1 1 0 3 6 3 
-20 1 1 1 1 1 1 0 2 3 0 4 5 
28 1 1 1 1 1 1 0 2 2 1 5 4 
4 1 1 1 1 1 1 0 2 1 2 6 3 
-12 1 1 1 1 1 1 0 2 0 3 7 2 
18 1 1 1 1 0 2 0 2 3 0 5 4 
-30 1 1 1 1 0 2 0 2 2 1 6 3 
6 1 1 1 1 0 2 0 2 1 2 7 2 
6 1 1 1 1 0 2 0 2 0 3 8 1 
-7 1 1 0 2 0 2 0 2 3 0 6 3 
13 1 1 0 2 0 2 0 2 2 1 7 2 
-5 1 1 0 2 0 2 0 2 1 2 8 1 
-1 1 1 0 2 0 2 0 2 0 3 9 0 
1 0 2 0 2 0 2 0 2 3 0 7 2 
-2 0 2 0 2 0 2 0 2 2 1 8 1 
1 0 2 0 2 0 2 0 2 1 2 9 0 

9 36 4
-1 2 0 2 0 5 0 0 9 
5 2 0 2 0 4 1 1 8 
-10 2 0 2 0 3 2 2 7 
10 2 0 2 0 2 3 3 6 
-5 2 0 2 0 1 4 4 5 
1 2 0 2 0 0 5 5 4 
4 2 0 1 1 5 0 1 8 
-20 2 0 1 1 4 1 2 7 
40 2 0 1 1 3 2 3 6 
-40 2 0 1 1 2 3 4 5 
20 2 0 1 1 1 4 5 4 
-4 2 0 1 1 0 5 6 3 
-2 2 0 0 2 5 0 2 7 
10 2 0 0 2 4 1 3 6 
-20 2 0 0 2 3 2 4 5 
20 2 0 0 2 2 3 5 4 
-10 2 0 0 2 1 4 6 3 
2 2 0 0 2 0 5 7 2 
-4 1 1 1 1 5 0 2 7 
20 1 1 1 1 4 1 3 6 
-40 1 1 1 1 3 2 4 5 
40 1 1 1 1 2 3 5 4 
-20 1 1 1 1 1 4 6 3 
4 1 1 1 1 0 5 7 2 
4 1 1 0 2 5 0 3 6 
-20 1 1 0 2 4 1 4 5 
40 1 1 0 2 3 2 5 4 
-40 1 1 0 2 2 3 6 3 
20 1 1 0 2 1 4 7 2 
-4 1 1 0 2 0 5 8 1 
-1 0 2 0 2 5 0 4 5 
5 0 2 0 2 4 1 5 4 
-10 0 2 0 2 3 2 6 3 
10 0 2 0 2 2 3 7 2 
-5 0 2 0 2 1 4 8 1 
1 0 2 0 2 0 5 9 0 

10 58 5
1 2 0 2 0 2 0 4 1 0 9 
-4 2 0 2 0 2 0 3 2 1 8 
6 2 0 2 0 2 0 2 3 2 7 
-4 2 0 2 0 2 0 1 4 3 6 
1 2 0 2 0 2 0 0 5 4 5 
-1 2 0 2 0 1 1 5 0 0 9 
-1 2 0 2 0 1 1 4 1 1 8 
14 2 0 2 0 1 1 3 2 2 7 
-26 2 0 2 0 1 1 2 3 3 6 
19 2 0 2 0 1 1 1 4 4 5 
-5 2 0 2 0 1 1 0 5 5 4 
1 2 0 2 0 0 2 5 0 1 8 
-2 2 0 2 0 0 2 4 1 2 7 
-2 2 0 2 0 0 2 3 2 3 6 
8 2 0 2 0 0 2 2 3 4 5 
-7 2 0 2 0 0 2 1 4 5 4 
2 2 0 2 0 0 2 0 5 6 3 
4 2 0 1 1 1 1 5 0 1 8 
-8 2 0 1 1 1 1 4 1 2 7 
-8 2 0 1 1 1 1 3 2 3 6 
32 2 0 1 1 1 1 2 3 4 5 
-28 2 0 1 1 1 1 1 4 5 4 
8 2 0 1 1 1 1 0 5 6 3 
-6 2 0 1 1 0 2 5 0 2 7 
18 2 0 1 1 0 2 4 1 3 6 
-12 2 0 1 1 0 2 3 2 4 5 
-12 2 0 1 1 0 2 2 3 5 4 
18 2 0 1 1 0 2 1 4 6 3 
-6 2 0 1 1 0 2 0 5 7 2 
2 2 0 0 2 0 2 5 0 3 6 
-7 2 0 0 2 0 2 4 1 4 5 
8 2 0 0 2 0 2 3 2 5 4 
-2 2 0 0 2 0 2 2 3 6 3 
-2 2 0 0 2 0 2 1 4 7 2 
1 2 0 0 2 0 2 0 5 8 1 
-4 1 1 1 1 1 1 5 0 2 7 
12 1 1 1 1 1 1 4 1 3 6 
-8 1 1 1 1 1 1 3 2 4 5 
-8 1 1 1 1 1 1 2 3 5 4 
12 1 1 1 1 1 1 1 4 6 3 
-4 1 1 1 1 1 1 0 5 7 2 
8 1 1 1 1 0 2 5 0 3 6 
-28 1 1 1 1 0 2 4 1 4 5 
32 1 1 1 1 0 2 3 2 5 4 
-8 1 1 1 1 0 2 2 3 6 3 
-8 1 1 1 1 0 2 1 4 7 2 
4 1 1 1 1 0 2 0 5 8 1 
-5 1 1 0 2 0 2 5 0 4 5 
19 1 1 0 2 0 2 4 1 5 4 
-26 1 1 0 2 0 2 3 2 6 3 
14 1 1 0 2 0 2 2 3 7 2 
-1 1 1 0 2 0 2 1 4 8 1 
-1 1 1 0 2 0 2 0 5 9 0 
1 0 2 0 2 0 2 5 0 5 4 
-4 0 2 0 2 0 2 4 1 6 3 
6 0 2 0 2 0 2 3 2 7 2 
-4 0 2 0 2 0 2 2 3 8 1 
1 0 2 0 2 0 2 1 4 9 0 

9 24 3
-1 2 0 7 0 0 9 
7 2 0 6 1 1 8 
-21 2 0 5 2 2 7 
35 2 0 4 3 3 6 
-35 2 0 3 4 4 5 
21 2 0 2 5 5 4 
-7 2 0 1 6 6 3 
1 2 0 0 7 7 2 
2 1 1 7 0 1 8 
-14 1 1 6 1 2 7 
42 1 1 5 2 3 6 
-70 1 1 4 3 4 5 
70 1 1 3 4 5 4 
-42 1 1 2 5 6 3 
14 1 1 1 6 7 2 
-2 1 1 0 7 8 1 
-1 0 2 7 0 2 7 
7 0 2 6 1 3 6 
-21 0 2 5 2 4 5 
35 0 2 4 3 5 4 
-35 0 2 3 4 6 3 
21 0 2 2 5 7 2 
-7 0 2 1 6 8 1 
1 0 2 0 7 9 0 

10 46 4
1 2 0 2 0 6 1 0 9 
-6 2 0 2 0 5 2 1 8 
15 2 0 2 0 4 3 2 7 
-20 2 0 2 0 3 4 3 6 
15 2 0 2 0 2 5 4 5 
-6 2 0 2 0 1 6 5 4 
1 2 0 2 0 0 7 6 3 
-1 2 0 1 1 7 0 0 9 
3 2 0 1 1 6 1 1 8 
3 2 0 1 1 5 2 2 7 
-25 2 0 1 1 4 3 3 6 
45 2 0 1 1 3 4 4 5 
-39 2 0 1 1 2 5 5 4 
17 2 0 1 1 1 6 6 3 
-3 2 0 1 1 0 7 7 2 
1 2 0 0 2 7 0 1 8 
-5 2 0 0 2 6 1 2 7 
9 2 0 0 2 5 2 3 6 
-5 2 0 0 2 4 3 4 5 
-5 2 0 0 2 3 4 5 4 
9 2 0 0 2 2 5 6 3 
-5 2 0 0 2 1 6 7 2 
1 2 0 0 2 0 7 8 1 
2 1 1 1 1 7 0 1 8 
-10 1 1 1 1 6 1 2 7 
18 1 1 1 1 5 2 3 6 
-10 1 1 1 1 4 3 4 5 
-10 1 1 1 1 3 4 5 4 
18 1 1 1 1 2 5 6 3 
-10 1 1 1 1 1 6 7 2 
2 1 1 1 1 0 7 8 1 
-3 1 1 0 2 7 0 2 7 
17 1 1 0 2 6 1 3 6 
-39 1 1 0 2 5 2 4 5 
45 1 1 0 2 4 3 5 4 
-25 1 1 0 2 3 4 6 3 
3 1 1 0 2 2 5 7 2 
3 1 1 0 2 1 6 8 1 
-1 1 1 0 2 0 7 9 0 
1 0 2 0 2 7 0 3 6 
-6 0 2 0 2 6 1 4 5 
15 0 2 0 2 5 2 5 4 
-20 0 2 0 2 4 3 6 3 
15 0 2 0 2 3 4 7 2 
-6 0 2 0 2 2 5 8 1 
1 0 2 0 2 1 6 9 0 

9 60 4
-1 2 0 3 0 4 0 0 9 
4 2 0 3 0 3 1 1 8 
-6 2 0 3 0 2 2 2 7 
4 2 0 3 0 1 3 3 6 
-1 2 0 3 0 0 4 4 5 
3 2 0 2 1 4 0 1 8 
-12 2 0 2 1 3 1 2 7 
18 2 0 2 1 2 2 3 6 
-12 2 0 2 1 1 3 4 5 
3 2 0 2 1 0 4 5 4 
-3 2 0 1 2 4 0 2 7 
12 2 0 1 2 3 1 3 6 
-18 2 0 1 2 2 2 4 5 
12 2 0 1 2 1 3 5 4 
-3 2 0 1 2 0 4 6 3 
1 2 0 0 3 4 0 3 6 
-4 2 0 0 3 3 1 4 5 
6 2 0 0 3 2 2 5 4 
-4 2 0 0 3 1 3 6 3 
1 2 0 0 3 0 4 7 2 
2 1 1 3 0 4 0 1 8 
-8 1 1 3 0 3 1 2 7 
12 1 1 3 0 2 2 3 6 
-8 1 1 3 0 1 3 4 5 
2 1 1 3 0 0 4 5 4 
-6 1 1 2 1 4 0 2 7 
24 1 1 2 1 3 1 3 6 
-36 1 1 2 1 2 2 4 5 
24 1 1 2 1 1 3 5 4 
-6 1 1 2 1 0 4 6 3 
6 1 1 1 2 4 0 3 6 
-24 1 1 1 2 3 1 4 5 
36 1 1 1 2 2 2 5 4 
-24 1 1 1 2 1 3 6 3 
6 1 1 1 2 0 4 7 2 
-2 1 1 0 3 4 0 4 5 
8 1 1 0 3 3 1 5 4 
-12 1 1 0 3 2 2 6 3 
8 1 1 0 3 1 3 7 2 
-2 1 1 0 3 0 4 8 1 
-1 0 2 3 0 4 0 2 7 
4 0 2 3 0 3 1 3 6 
-6 0 2 3 0 2 2 4 5 
4 0 2 3 0 1 3 5 4 
-1 0 2 3 0 0 4 6 3 
3 0 2 2 1 4 0 3 6 
-12 0 2 2 1 3 1 4 5 
18 0 2 2 1 2 2 5 4 
-12 0 2 2 1 1 3 6 3 
3 0 2 2 1 0 4 7 2 
-3 0 2 1 2 4 0 4 5 
12 0 2 1 2 3 1 5 4 
-18 0 2 1 2 2 2 6 3 
12 0 2 1 2 1 3 7 2 
-3 0 2 1 2 0 4 8 1 
1 0 2 0 3 4 0 5 4 
-4 0 2 0 3 3 1 6 3 
6 0 2 0 3 2 2 7 2 
-4 0 2 0 3 1 3 8 1 
1 0 2 0 3 0 4 9 0 

10 6 2
1 10 0 0 10 
-10 9 1 1 9 
45 8 2 2 8 
-120 7 3 3 7 
210 6 4 4 6 
-126 5 5 5 5 

10 21 6
1 2 0 2 0 2 0 2 0 2 0 0 10 
-10 2 0 2 0 2 0 2 0 1 1 1 9 
5 2 0 2 0 2 0 2 0 0 2 2 8 
40 2 0 2 0 2 0 1 1 1 1 2 8 
-40 2 0 2 0 2 0 1 1 0 2 3 7 
10 2 0 2 0 2 0 0 2 0 2 4 6 
-80 2 0 2 0 1 1 1 1 1 1 3 7 
120 2 0 2 0 1 1 1 1 0 2 4 6 
-60 2 0 2 0 1 1 0 2 0 2 5 5 
10 2 0 2 0 0 2 0 2 0 2 6 4 
80 2 0 1 1 1 1 1 1 1 1 4 6 
-160 2 0 1 1 1 1 1 1 0 2 5 5 
120 2 0 1 1 1 1 0 2 0 2 6 4 
-40 2 0 1 1 0 2 0 2 0 2 7 3 
5 2 0 0 2 0 2 0 2 0 2 8 2 
-32 1 1 1 1 1 1 1 1 1 1 5 5 
80 1 1 1 1 1 1 1 1 0 2 6 4 
-80 1 1 1 1 1 1 0 2 0 2 7 3 
40 1 1 1 1 0 2 0 2 0 2 8 2 
-10 1 1 0 2 0 2 0 2 0 2 9 1 
1 0 2 0 2 0 2 0 2 0 2 10 0 

12 31 4
1 2 0 2 0 8 2 0 10 
-8 2 0 2 0 7 3 1 9 
28 2 0 2 0 6 4 2 8 
-56 2 0 2 0 5 5 3 7 
35 2 0 2 0 4 6 4 6 
-2 2 0 1 1 9 1 0 10 
14 2 0 1 1 8 2 1 9 
-40 2 0 1 1 7 3 2 8 
56 2 0 1 1 6 4 3 7 
-28 2 0 1 1 5 5 4 6 
1 2 0 0 2 10 0 0 10 
-8 2 0 0 2 9 1 1 9 
29 2 0 0 2 8 2 2 8 
-64 2 0 0 2 7 3 3 7 
98 2 0 0 2 6 4 4 6 
-56 2 0 0 2 5 5 5 5 
4 1 1 1 1 9 1 1 9 
-32 1 1 1 1 8 2 2 8 
112 1 1 1 1 7 3 3 7 
-224 1 1 1 1 6 4 4 6 
140 1 1 1 1 5 5 5 5 
-2 1 1 0 2 10 0 1 9 
14 1 1 0 2 9 1 2 8 
-40 1 1 0 2 8 2 3 7 
56 1 1 0 2 7 3 4 6 
-28 1 1 0 2 6 4 5 5 
1 0 2 0 2 10 0 2 8 
-8 0 2 0 2 9 1 3 7 
28 0 2 0 2 8 2 4 6 
-56 0 2 0 2 7 3 5 5 
35 0 2 0 2 6 4 6 4 

10 21 3
1 5 0 5 0 0 10 
-10 5 0 4 1 1 9 
20 5 0 3 2 2 8 
-20 5 0 2 3 3 7 
10 5 0 1 4 4 6 
-2 5 0 0 5 5 5 
25 4 1 4 1 2 8 
-100 4 1 3 2 3 7 
100 4 1 2 3 4 6 
-50 4 1 1 4 5 5 
10 4 1 0 5 6 4 
100 3 2 3 2 4 6 
-200 3 2 2 3 5 5 
100 3 2 1 4 6 4 
-20 3 2 0 5 7 3 
100 2 3 2 3 6 4 
-100 2 3 1 4 7 3 
20 2 3 0 5 8 2 
25 1 4 1 4 8 2 
-10 1 4 0 5 9 1 
1 0 5 0 5 10 0 

10 60 5
1 2 0 2 0 3 0 3 0 0 10 
-6 2 0 2 0 3 0 2 1 1 9 
6 2 0 2 0 3 0 1 2 2 8 
-2 2 0 2 0 3 0 0 3 3 7 
9 2 0 2 0 2 1 2 1 2 8 
-18 2 0 2 0 2 1 1 2 3 7 
6 2 0 2 0 2 1 0 3 4 6 
9 2 0 2 0 1 2 1 2 4 6 
-6 2 0 2 0 1 2 0 3 5 5 
1 2 0 2 0 0 3 0 3 6 4 
-4 2 0 1 1 3 0 3 0 1 9 
24 2 0 1 1 3 0 2 1 2 8 
-24 2 0 1 1 3 0 1 2 3 7 
8 2 0 1 1 3 0 0 3 4 6 
-36 2 0 1 1 2 1 2 1 3 7 
72 2 0 1 1 2 1 1 2 4 6 
-24 2 0 1 1 2 1 0 3 5 5 
-36 2 0 1 1 1 2 1 2 5 5 
24 2 0 1 1 1 2 0 3 6 4 
-4 2 0 1 1 0 3 0 3 7 3 
2 2 0 0 2 3 0 3 0 2 8 
-12 2 0 0 2 3 0 2 1 3 7 
12 2 0 0 2 3 0 1 2 4 6 
-4 2 0 0 2 3 0 0 3 5 5 
18 2 0 0 2 2 1 2 1 4 6 
-36 2 0 0 2 2 1 1 2 5 5 
12 2 0 0 2 2 1 0 3 6 4 
18 2 0 0 2 1 2 1 2 6 4 
-12 2 0 0 2 1 2 0 3 7 3 
2 2 0 0 2 0 3 0 3 8 2 
4 1 1 1 1 3 0 3 0 2 8 
-24 1 1 1 1 3 0 2 1 3 7 
24 1 1 1 1 3 0 1 2 4 6 
-8 1 1 1 1 3 0 0 3 5 5 
36 1 1 1 1 2 1 2 1 4 6 
-72 1 1 1 1 2 1 1 2 5 5 
24 1 1 1 1 2 1 0 3 6 4 
36 1 1 1 1 1 2 1 2 6 4 
-24 1 1 1 1 1 2 0 3 7 3 
4 1 1 1 1 0 3 0 3 8 2 
-4 1 1 0 2 3 0 3 0 3 7 
24 1 1 0 2 3 0 2 1 4 6 
-24 1 1 0 2 3 0 1 2 5 5 
8 1 1 0 2 3 0 0 3 6 4 
-36 1 1 0 2 2 1 2 1 5 5 
72 1 1 0 2 2 1 1 2 6 4 
-24 1 1 0 2 2 1 0 3 7 3 
-36 1 1 0 2 1 2 1 2 7 3 
24 1 1 0 2 1 2 0 3 8 2 
-4 1 1 0 2 0 3 0 3 9 1 
1 0 2 0 2 3 0 3 0 4 6 
-6 0 2 0 2 3 0 2 1 5 5 
6 0 2 0 2 3 0 1 2 6 4 
-2 0 2 0 2 3 0 0 3 7 3 
9 0 2 0 2 2 1 2 1 6 4 
-18 0 2 0 2 2 1 1 2 7 3 
6 0 2 0 2 2 1 0 3 8 2 
9 0 2 0 2 1 2 1 2 8 2 
-6 0 2 0 2 1 2 0 3 9 1 
1 0 2 0 2 0 3 0 3 10 0 

11 84 6
-1 2 0 2 0 2 0 3 0 2 1 0 10 
2 2 0 2 0 2 0 3 0 1 2 1 9 
-1 2 0 2 0 2 0 3 0 0 3 2 8 
3 2 0 2 0 2 0 2 1 2 1 1 9 
-9 2 0 2 0 2 0 2 1 1 2 2 8 
4 2 0 2 0 2 0 2 1 0 3 3 7 
6 2 0 2 0 2 0 1 2 1 2 3 7 
-5 2 0 2 0 2 0 1 2 0 3 4 6 
1 2 0 2 0 2 0 0 3 0 3 5 5 
1 2 0 2 0 1 1 3 0 3 0 0 10 
-6 2 0 2 0 1 1 3 0 1 2 2 8 
4 2 0 2 0 1 1 3 0 0 3 3 7 
-9 2 0 2 0 1 1 2 1 2 1 2 8 
36 2 0 2 0 1 1 2 1 1 2 3 7 
-18 2 0 2 0 1 1 2 1 0 3 4 6 
-27 2 0 2 0 1 1 1 2 1 2 4 6 
24 2 0 2 0 1 1 1 2 0 3 5 5 
-5 2 0 2 0 1 1 0 3 0 3 6 4 
-1 2 0 2 0 0 2 3 0 3 0 1 9 
3 2 0 2 0 0 2 3 0 2 1 2 8 
-1 2 0 2 0 0 2 3 0 0 3 4 6 
-9 2 0 2 0 0 2 2 1 1 2 4 6 
6 2 0 2 0 0 2 2 1 0 3 5 5 
9 2 0 2 0 0 2 1 2 1 2 5 5 
-9 2 0 2 0 0 2 1 2 0 3 6 4 
2 2 0 2 0 0 2 0 3 0 3 7 3 
-4 2 0 1 1 1 1 3 0 3 0 1 9 
12 2 0 1 1 1 1 3 0 2 1 2 8 
-4 2 0 1 1 1 1 3 0 0 3 4 6 
-36 2 0 1 1 1 1 2 1 1 2 4 6 
24 2 0 1 1 1 1 2 1 0 3 5 5 
36 2 0 1 1 1 1 1 2 1 2 5 5 
-36 2 0 1 1 1 1 1 2 0 3 6 4 
8 2 0 1 1 1 1 0 3 0 3 7 3 
6 2 0 1 1 0 2 3 0 3 0 2 8 
-24 2 0 1 1 0 2 3 0 2 1 3 7 
12 2 0 1 1 0 2 3 0 1 2 4 6 
18 2 0 1 1 0 2 2 1 2 1 4 6 
-12 2 0 1 1 0 2 2 1 0 3 6 4 
-18 2 0 1 1 0 2 1 2 1 2 6 4 
24 2 0 1 1 0 2 1 2 0 3 7 3 
-6 2 0 1 1 0 2 0 3 0 3 8 2 
-2 2 0 0 2 0 2 3 0 3 0 3 7 
9 2 0 0 2 0 2 3 0 2 1 4 6 
-6 2 0 0 2 0 2 3 0 1 2 5 5 
1 2 0 0 2 0 2 3 0 0 3 6 4 
-9 2 0 0 2 0 2 2 1 2 1 5 5 
9 2 0 0 2 0 2 2 1 1 2 6 4 
-3 2 0 0 2 0 2 1 2 0 3 8 2 
1 2 0 0 2 0 2 0 3 0 3 9 1 
4 1 1 1 1 1 1 3 0 3 0 2 8 
-16 1 1 1 1 1 1 3 0 2 1 3 7 
8 1 1 1 1 1 1 3 0 1 2 4 6 
12 1 1 1 1 1 1 2 1 2 1 4 6 
-8 1 1 1 1 1 1 2 1 0 3 6 4 
-12 1 1 1 1 1 1 1 2 1 2 6 4 
16 1 1 1 1 1 1 1 2 0 3 7 3 
-4 1 1 1 1 1 1 0 3 0 3 8 2 
-8 1 1 1 1 0 2 3 0 3 0 3 7 
36 1 1 1 1 0 2 3 0 2 1 4 6 
-24 1 1 1 1 0 2 3 0 1 2 5 5 
4 1 1 1 1 0 2 3 0 0 3 6 4 
-36 1 1 1 1 0 2 2 1 2 1 5 5 
36 1 1 1 1 0 2 2 1 1 2 6 4 
-12 1 1 1 1 0 2 1 2 0 3 8 2 
4 1 1 1 1 0 2 0 3 0 3 9 1 
5 1 1 0 2 0 2 3 0 3 0 4 6 
-24 1 1 0 2 0 2 3 0 2 1 5 5 
18 1 1 0 2 0 2 3 0 1 2 6 4 
-4 1 1 0 2 0 2 3 0 0 3 7 3 
27 1 1 0 2 0 2 2 1 2 1 6 4 
-36 1 1 0 2 0 2 2 1 1 2 7 3 
6 1 1 0 2 0 2 2 1 0 3 8 2 
9 1 1 0 2 0 2 1 2 1 2 8 2 
-1 1 1 0 2 0 2 0 3 0 3 10 0 
-1 0 2 0 2 0 2 3 0 3 0 5 5 
5 0 2 0 2 0 2 3 0 2 1 6 4 
-4 0 2 0 2 0 2 3 0 1 2 7 3 
1 0 2 0 2 0 2 3 0 0 3 8 2 
-6 0 2 0 2 0 2 2 1 2 1 7 3 
9 0 2 0 2 0 2 2 1 1 2 8 2 
-2 0 2 0 2 0 2 2 1 0 3 9 1 
-3 0 2 0 2 0 2 1 2 1 2 9 1 
1 0 2 0 2 0 2 1 2 0 3 10 0 

12 90 7
1 2 0 2 0 2 0 2 0 3 0 1 2 0 10 
-1 2 0 2 0 2 0 2 0 3 0 0 3 1 9 
-1 2 0 2 0 2 0 2 0 2 1 2 1 0 10 
1 2 0 2 0 2 0 2 0 2 1 1 2 1 9 
1 2 0 2 0 2 0 2 0 2 1 0 3 2 8 
-1 2 0 2 0 2 0 2 0 1 2 1 2 2 8 
-8 2 0 2 0 2 0 1 1 3 0 1 2 1 9 
8 2 0 2 0 2 0 1 1 3 0 0 3 2 8 
8 2 0 2 0 2 0 1 1 2 1 2 1 1 9 
-8 2 0 2 0 2 0 1 1 2 1 1 2 2 8 
-8 2 0 2 0 2 0 1 1 2 1 0 3 3 7 
8 2 0 2 0 2 0 1 1 1 2 1 2 3 7 
4 2 0 2 0 2 0 0 2 3 0 1 2 2 8 
-4 2 0 2 0 2 0 0 2 3 0 0 3 3 7 
-4 2 0 2 0 2 0 0 2 2 1 2 1 2 8 
4 2 0 2 0 2 0 0 2 2 1 1 2 3 7 
4 2 0 2 0 2 0 0 2 2 1 0 3 4 6 
-4 2 0 2 0 2 0 0 2 1 2 1 2 4 6 
24 2 0 2 0 1 1 1 1 3 0 1 2 2 8 
-24 2 0 2 0 1 1 1 1 3 0 0 3 3 7 
-24 2 0 2 0 1 1 1 1 2 1 2 1 2 8 
24 2 0 2 0 1 1 1 1 2 1 1 2 3 7 
24 2 0 2 0 1 1 1 1 2 1 0 3 4 6 
-24 2 0 2 0 1 1 1 1 1 2 1 2 4 6 
-24 2 0 2 0 1 1 0 2 3 0 1 2 3 7 
24 2 0 2 0 1 1 0 2 3 0 0 3 4 6 
24 2 0 2 0 1 1 0 2 2 1 2 1 3 7 
-24 2 0 2 0 1 1 0 2 2 1 1 2 4 6 
-24 2 0 2 0 1 1 0 2 2 1 0 3 5 5 
24 2 0 2 0 1 1 0 2 1 2 1 2 5 5 
6 2 0 2 0 0 2 0 2 3 0 1 2 4 6 
-6 2 0 2 0 0 2 0 2 3 0 0 3 5 5 
-6 2 0 2 0 0 2 0 2 2 1 2 1 4 6 
6 2 0 2 0 0 2 0 2 2 1 1 2 5 5 
6 2 0 2 0 0 2 0 2 2 1 0 3 6 4 
-6 2 0 2 0 0 2 0 2 1 2 1 2 6 4 
-32 2 0 1 1 1 1 1 1 3 0 1 2 3 7 
32 2 0 1 1 1 1 1 1 3 0 0 3 4 6 
32 2 0 1 1 1 1 1 1 2 1 2 1 3 7 
-32 2 0 1 1 1 1 1 1 2 1 1 2 4 6 
-32 2 0 1 1 1 1 1 1 2 1 0 3 5 5 
32 2 0 1 1 1 1 1 1 1 2 1 2 5 5 
48 2 0 1 1 1 1 0 2 3 0 1 2 4 6 
-48 2 0 1 1 1 1 0 2 3 0 0 3 5 5 
-48 2 0 1 1 1 1 0 2 2 1 2 1 4 6 
48 2 0 1 1 1 1 0 2 2 1 1 2 5 5 
48 2 0 1 1 1 1 0 2 2 1 0 3 6 4 
-48 2 0 1 1 1 1 0 2 1 2 1 2 6 4 
-24 2 0 1 1 0 2 0 2 3 0 1 2 5 5 
24 2 0 1 1 0 2 0 2 3 0 0 3 6 4 
24 2 0 1 1 0 2 0 2 2 1 2 1 5 5 
-24 2 0 1 1 0 2 0 2 2 1 1 2 6 4 
-24 2 0 1 1 0 2 0 2 2 1 0 3 7 3 
24 2 0 1 1 0 2 0 2 1 2 1 2 7 3 
4 2 0 0 2 0 2 0 2 3 0 1 2 6 4 
-4 2 0 0 2 0 2 0 2 3 0 0 3 7 3 
-4 2 0 0 2 0 2 0 2 2 1 2 1 6 4 
4 2 0 0 2 0 2 0 2 2 1 1 2 7 3 
4 2 0 0 2 0 2 0 2 2 1 0 3 8 2 
-4 2 0 0 2 0 2 0 2 1 2 1 2 8 2 
16 1 1 1 1 1 1 1 1 3 0 1 2 4 6 
-16 1 1 1 1 1 1 1 1 3 0 0 3 5 5 
-16 1 1 1 1 1 1 1 1 2 1 2 1 4 6 
16 1 1 1 1 1 1 1 1 2 1 1 2 5 5 
16 1 1 1 1 1 1 1 1 2 1 0 3 6 4 
-16 1 1 1 1 1 1 1 1 1 2 1 2 6 4 
-32 1 1 1 1 1 1 0 2 3 0 1 2 5 5 
32 1 1 1 1 1 1 0 2 3 0 0 3 6 4 
32 1 1 1 1 1 1 0 2 2 1 2 1 5 5 
-32 1 1 1 1 1 1 0 2 2 1 1 2 6 4 
-32 1 1 1 1 1 1 0 2 2 1 0 3 7 3 
32 1 1 1 1 1 1 0 2 1 2 1 2 7 3 
24 1 1 1 1 0 2 0 2 3 0 1 2 6 4 
-24 1 1 1 1 0 2 0 2 3 0 0 3 7 3 
-24 1 1 1 1 0 2 0 2 2 1 2 1 6 4 
24 1 1 1 1 0 2 0 2 2 1 1 2 7 3 
24 1 1 1 1 0 2 0 2 2 1 0 3 8 2 
-24 1 1 1 1 0 2 0 2 1 2 1 2 8 2 
-8 1 1 0 2 0 2 0 2 3 0 1 2 7 3 
8 1 1 0 2 0 2 0 2 3 0 0 3 8 2 
8 1 1 0 2 0 2 0 2 2 1 2 1 7 3 
-8 1 1 0 2 0 2 0 2 2 1 1 2 8 2 
-8 1 1 0 2 0 2 0 2 2 1 0 3 9 1 
8 1 1 0 2 0 2 0 2 1 2 1 2 9 1 
1 0 2 0 2 0 2 0 2 3 0 1 2 8 2 
-1 0 2 0 2 0 2 0 2 3 0 0 3 9 1 
-1 0 2 0 2 0 2 0 2 2 1 2 1 8 2 
1 0 2 0 2 0 2 0 2 2 1 1 2 9 1 
1 0 2 0 2 0 2 0 2 2 1 0 3 10 0 
-1 0 2 0 2 0 2 0 2 1 2 1 2 10 0 

10 50 5
1 2 0 2 0 2 0 4 0 0 10 
-4 2 0 2 0 2 0 3 1 1 9 
6 2 0 2 0 2 0 2 2 2 8 
-4 2 0 2 0 2 0 1 3 3 7 
1 2 0 2 0 2 0 0 4 4 6 
-6 2 0 2 0 1 1 4 0 1 9 
24 2 0 2 0 1 1 3 1 2 8 
-36 2 0 2 0 1 1 2 2 3 7 
24 2 0 2 0 1 1 1 3 4 6 
-6 2 0 2 0 1 1 0 4 5 5 
3 2 0 2 0 0 2 4 0 2 8 
-12 2 0 2 0 0 2 3 1 3 7 
18 2 0 2 0 0 2 2 2 4 6 
-12 2 0 2 0 0 2 1 3 5 5 
3 2 0 2 0 0 2 0 4 6 4 
12 2 0 1 1 1 1 4 0 2 8 
-48 2 0 1 1 1 1 3 1 3 7 
72 2 0 1 1 1 1 2 2 4 6 
-48 2 0 1 1 1 1 1 3 5 5 
12 2 0 1 1 1 1 0 4 6 4 
-12 2 0 1 1 0 2 4 0 3 7 
48 2 0 1 1 0 2 3 1 4 6 
-72 2 0 1 1 0 2 2 2 5 5 
48 2 0 1 1 0 2 1 3 6 4 
-12 2 0 1 1 0 2 0 4 7 3 
3 2 0 0 2 0 2 4 0 4 6 
-12 2 0 0 2 0 2 3 1 5 5 
18 2 0 0 2 0 2 2 2 6 4 
-12 2 0 0 2 0 2 1 3 7 3 
3 2 0 0 2 0 2 0 4 8 2 
-8 1 1 1 1 1 1 4 0 3 7 
32 1 1 1 1 1 1 3 1 4 6 
-48 1 1 1 1 1 1 2 2 5 5 
32 1 1 1 1 1 1 1 3 6 4 
-8 1 1 1 1 1 1 0 4 7 3 
12 1 1 1 1 0 2 4 0 4 6 
-48 1 1 1 1 0 2 3 1 5 5 
72 1 1 1 1 0 2 2 2 6 4 
-48 1 1 1 1 0 2 1 3 7 3 
12 1 1 1 1 0 2 0 4 8 2 
-6 1 1 0 2 0 2 4 0 5 5 
24 1 1 0 2 0 2 3 1 6 4 
-36 1 1 0 2 0 2 2 2 7 3 
24 1 1 0 2 0 2 1 3 8 2 
-6 1 1 0 2 0 2 0 4 9 1 
1 0 2 0 2 0 2 4 0 6 4 
-4 0 2 0 2 0 2 3 1 7 3 
6 0 2 0 2 0 2 2 2 8 2 
-4 0 2 0 2 0 2 1 3 9 1 
1 0 2 0 2 0 2 0 4 10 0 

11 78 5
-1 2 0 2 0 4 0 3 1 0 10 
3 2 0 2 0 4 0 2 2 1 9 
-3 2 0 2 0 4 0 1 3 2 8 
1 2 0 2 0 4 0 0 4 3 7 
4 2 0 2 0 3 1 3 1 1 9 
-18 2 0 2 0 3 1 2 2 2 8 
16 2 0 2 0 3 1 1 3 3 7 
-5 2 0 2 0 3 1 0 4 4 6 
18 2 0 2 0 2 2 2 2 3 7 
-30 2 0 2 0 2 2 1 3 4 6 
9 2 0 2 0 2 2 0 4 5 5 
12 2 0 2 0 1 3 1 3 5 5 
-7 2 0 2 0 1 3 0 4 6 4 
1 2 0 2 0 0 4 0 4 7 3 
1 2 0 1 1 4 0 4 0 0 10 
-4 2 0 1 1 4 0 3 1 1 9 
4 2 0 1 1 4 0 1 3 3 7 
-2 2 0 1 1 4 0 0 4 4 6 
24 2 0 1 1 3 1 2 2 3 7 
-32 2 0 1 1 3 1 1 3 4 6 
12 2 0 1 1 3 1 0 4 5 5 
-36 2 0 1 1 2 2 2 2 4 6 
72 2 0 1 1 2 2 1 3 5 5 
-24 2 0 1 1 2 2 0 4 6 4 
-32 2 0 1 1 1 3 1 3 6 4 
20 2 0 1 1 1 3 0 4 7 3 
-3 2 0 1 1 0 4 0 4 8 2 
-1 2 0 0 2 4 0 4 0 1 9 
6 2 0 0 2 4 0 3 1 2 8 
-6 2 0 0 2 4 0 2 2 3 7 
2 2 0 0 2 4 0 1 3 4 6 
-8 2 0 0 2 3 1 3 1 3 7 
12 2 0 0 2 3 1 2 2 4 6 
-2 2 0 0 2 3 1 0 4 6 4 
-12 2 0 0 2 2 2 1 3 6 4 
6 2 0 0 2 2 2 0 4 7 3 
8 2 0 0 2 1 3 1 3 7 3 
-6 2 0 0 2 1 3 0 4 8 2 
1 2 0 0 2 0 4 0 4 9 1 
-2 1 1 1 1 4 0 4 0 1 9 
12 1 1 1 1 4 0 3 1 2 8 
-12 1 1 1 1 4 0 2 2 3 7 
4 1 1 1 1 4 0 1 3 4 6 
-16 1 1 1 1 3 1 3 1 3 7 
24 1 1 1 1 3 1 2 2 4 6 
-4 1 1 1 1 3 1 0 4 6 4 
-24 1 1 1 1 2 2 1 3 6 4 
12 1 1 1 1 2 2 0 4 7 3 
16 1 1 1 1 1 3 1 3 7 3 
-12 1 1 1 1 1 3 0 4 8 2 
2 1 1 1 1 0 4 0 4 9 1 
3 1 1 0 2 4 0 4 0 2 8 
-20 1 1 0 2 4 0 3 1 3 7 
24 1 1 0 2 4 0 2 2 4 6 
-12 1 1 0 2 4 0 1 3 5 5 
2 1 1 0 2 4 0 0 4 6 4 
32 1 1 0 2 3 1 3 1 4 6 
-72 1 1 0 2 3 1 2 2 5 5 
32 1 1 0 2 3 1 1 3 6 4 
-4 1 1 0 2 3 1 0 4 7 3 
36 1 1 0 2 2 2 2 2 6 4 
-24 1 1 0 2 2 2 1 3 7 3 
4 1 1 0 2 1 3 0 4 9 1 
-1 1 1 0 2 0 4 0 4 10 0 
-1 0 2 0 2 4 0 4 0 3 7 
7 0 2 0 2 4 0 3 1 4 6 
-9 0 2 0 2 4 0 2 2 5 5 
5 0 2 0 2 4 0 1 3 6 4 
-1 0 2 0 2 4 0 0 4 7 3 
-12 0 2 0 2 3 1 3 1 5 5 
30 0 2 0 2 3 1 2 2 6 4 
-16 0 2 0 2 3 1 1 3 7 3 
3 0 2 0 2 3 1 0 4 8 2 
-18 0 2 0 2 2 2 2 2 7 3 
18 0 2 0 2 2 2 1 3 8 2 
-3 0 2 0 2 2 2 0 4 9 1 
-4 0 2 0 2 1 3 1 3 9 1 
1 0 2 0 2 1 3 0 4 10 0 

11 66 6
-1 2 0 2 0 2 0 2 0 3 1 0 10 
3 2 0 2 0 2 0 2 0 2 2 1 9 
-3 2 0 2 0 2 0 2 0 1 3 2 8 
1 2 0 2 0 2 0 2 0 0 4 3 7 
1 2 0 2 0 2 0 1 1 4 0 0 10 
4 2 0 2 0 2 0 1 1 3 1 1 9 
-18 2 0 2 0 2 0 1 1 2 2 2 8 
20 2 0 2 0 2 0 1 1 1 3 3 7 
-7 2 0 2 0 2 0 1 1 0 4 4 6 
-1 2 0 2 0 2 0 0 2 4 0 1 9 
6 2 0 2 0 2 0 0 2 2 2 3 7 
-8 2 0 2 0 2 0 0 2 1 3 4 6 
3 2 0 2 0 2 0 0 2 0 4 5 5 
-6 2 0 2 0 1 1 1 1 4 0 1 9 
36 2 0 2 0 1 1 1 1 2 2 3 7 
-48 2 0 2 0 1 1 1 1 1 3 4 6 
18 2 0 2 0 1 1 1 1 0 4 5 5 
9 2 0 2 0 1 1 0 2 4 0 2 8 
-12 2 0 2 0 1 1 0 2 3 1 3 7 
-18 2 0 2 0 1 1 0 2 2 2 4 6 
36 2 0 2 0 1 1 0 2 1 3 5 5 
-15 2 0 2 0 1 1 0 2 0 4 6 4 
-3 2 0 2 0 0 2 0 2 4 0 3 7 
6 2 0 2 0 0 2 0 2 3 1 4 6 
-6 2 0 2 0 0 2 0 2 1 3 6 4 
3 2 0 2 0 0 2 0 2 0 4 7 3 
12 2 0 1 1 1 1 1 1 4 0 2 8 
-16 2 0 1 1 1 1 1 1 3 1 3 7 
-24 2 0 1 1 1 1 1 1 2 2 4 6 
48 2 0 1 1 1 1 1 1 1 3 5 5 
-20 2 0 1 1 1 1 1 1 0 4 6 4 
-24 2 0 1 1 1 1 0 2 4 0 3 7 
48 2 0 1 1 1 1 0 2 3 1 4 6 
-48 2 0 1 1 1 1 0 2 1 3 6 4 
24 2 0 1 1 1 1 0 2 0 4 7 3 
15 2 0 1 1 0 2 0 2 4 0 4 6 
-36 2 0 1 1 0 2 0 2 3 1 5 5 
18 2 0 1 1 0 2 0 2 2 2 6 4 
12 2 0 1 1 0 2 0 2 1 3 7 3 
-9 2 0 1 1 0 2 0 2 0 4 8 2 
-3 2 0 0 2 0 2 0 2 4 0 5 5 
8 2 0 0 2 0 2 0 2 3 1 6 4 
-6 2 0 0 2 0 2 0 2 2 2 7 3 
1 2 0 0 2 0 2 0 2 0 4 9 1 
-8 1 1 1 1 1 1 1 1 4 0 3 7 
16 1 1 1 1 1 1 1 1 3 1 4 6 
-16 1 1 1 1 1 1 1 1 1 3 6 4 
8 1 1 1 1 1 1 1 1 0 4 7 3 
20 1 1 1 1 1 1 0 2 4 0 4 6 
-48 1 1 1 1 1 1 0 2 3 1 5 5 
24 1 1 1 1 1 1 0 2 2 2 6 4 
16 1 1 1 1 1 1 0 2 1 3 7 3 
-12 1 1 1 1 1 1 0 2 0 4 8 2 
-18 1 1 1 1 0 2 0 2 4 0 5 5 
48 1 1 1 1 0 2 0 2 3 1 6 4 
-36 1 1 1 1 0 2 0 2 2 2 7 3 
6 1 1 1 1 0 2 0 2 0 4 9 1 
7 1 1 0 2 0 2 0 2 4 0 6 4 
-20 1 1 0 2 0 2 0 2 3 1 7 3 
18 1 1 0 2 0 2 0 2 2 2 8 2 
-4 1 1 0 2 0 2 0 2 1 3 9 1 
-1 1 1 0 2 0 2 0 2 0 4 10 0 
-1 0 2 0 2 0 2 0 2 4 0 7 3 
3 0 2 0 2 0 2 0 2 3 1 8 2 
-3 0 2 0 2 0 2 0 2 2 2 9 1 
1 0 2 0 2 0 2 0 2 1 3 10 0 

11 60 5
-1 2 0 2 0 2 0 5 1 0 10 
5 2 0 2 0 2 0 4 2 1 9 
-10 2 0 2 0 2 0 3 3 2 8 
10 2 0 2 0 2 0 2 4 3 7 
-5 2 0 2 0 2 0 1 5 4 6 
1 2 0 2 0 2 0 0 6 5 5 
1 2 0 2 0 1 1 6 0 0 10 
-15 2 0 2 0 1 1 4 2 2 8 
40 2 0 2 0 1 1 3 3 3 7 
-45 2 0 2 0 1 1 2 4 4 6 
24 2 0 2 0 1 1 1 5 5 5 
-5 2 0 2 0 1 1 0 6 6 4 
-1 2 0 2 0 0 2 6 0 1 9 
3 2 0 2 0 0 2 5 1 2 8 
-10 2 0 2 0 0 2 3 3 4 6 
15 2 0 2 0 0 2 2 4 5 5 
-9 2 0 2 0 0 2 1 5 6 4 
2 2 0 2 0 0 2 0 6 7 3 
-4 2 0 1 1 1 1 6 0 1 9 
12 2 0 1 1 1 1 5 1 2 8 
-40 2 0 1 1 1 1 3 3 4 6 
60 2 0 1 1 1 1 2 4 5 5 
-36 2 0 1 1 1 1 1 5 6 4 
8 2 0 1 1 1 1 0 6 7 3 
6 2 0 1 1 0 2 6 0 2 8 
-24 2 0 1 1 0 2 5 1 3 7 
30 2 0 1 1 0 2 4 2 4 6 
-30 2 0 1 1 0 2 2 4 6 4 
24 2 0 1 1 0 2 1 5 7 3 
-6 2 0 1 1 0 2 0 6 8 2 
-2 2 0 0 2 0 2 6 0 3 7 
9 2 0 0 2 0 2 5 1 4 6 
-15 2 0 0 2 0 2 4 2 5 5 
10 2 0 0 2 0 2 3 3 6 4 
-3 2 0 0 2 0 2 1 5 8 2 
1 2 0 0 2 0 2 0 6 9 1 
4 1 1 1 1 1 1 6 0 2 8 
-16 1 1 1 1 1 1 5 1 3 7 
20 1 1 1 1 1 1 4 2 4 6 
-20 1 1 1 1 1 1 2 4 6 4 
16 1 1 1 1 1 1 1 5 7 3 
-4 1 1 1 1 1 1 0 6 8 2 
-8 1 1 1 1 0 2 6 0 3 7 
36 1 1 1 1 0 2 5 1 4 6 
-60 1 1 1 1 0 2 4 2 5 5 
40 1 1 1 1 0 2 3 3 6 4 
-12 1 1 1 1 0 2 1 5 8 2 
4 1 1 1 1 0 2 0 6 9 1 
5 1 1 0 2 0 2 6 0 4 6 
-24 1 1 0 2 0 2 5 1 5 5 
45 1 1 0 2 0 2 4 2 6 4 
-40 1 1 0 2 0 2 3 3 7 3 
15 1 1 0 2 0 2 2 4 8 2 
-1 1 1 0 2 0 2 0 6 10 0 
-1 0 2 0 2 0 2 6 0 5 5 
5 0 2 0 2 0 2 5 1 6 4 
-10 0 2 0 2 0 2 4 2 7 3 
10 0 2 0 2 0 2 3 3 8 2 
-5 0 2 0 2 0 2 2 4 9 1 
1 0 2 0 2 0 2 1 5 10 0 

12 18 3
1 2 0 10 1 0 11 
-10 2 0 9 2 1 10 
45 2 0 8 3 2 9 
-120 2 0 7 4 3 8 
210 2 0 6 5 4 7 
-126 2 0 5 6 5 6 
-1 1 1 11 0 0 11 
9 1 1 10 1 1 10 
-35 1 1 9 2 2 9 
75 1 1 8 3 3 8 
-90 1 1 7 4 4 7 
42 1 1 6 5 5 6 
1 0 2 11 0 1 10 
-10 0 2 10 1 2 9 
45 0 2 9 2 3 8 
-120 0 2 8 3 4 7 
210 0 2 7 4 5 6 
-126 0 2 6 5 6 5 

11 60 5
-1 2 0 3 0 3 0 3 0 0 11 
9 2 0 3 0 3 0 2 1 1 10 
-9 2 0 3 0 3 0 1 2 2 9 
3 2 0 3 0 3 0 0 3 3 8 
-27 2 0 3 0 2 1 2 1 2 9 
54 2 0 3 0 2 1 1 2 3 8 
-18 2 0 3 0 2 1 0 3 4 7 
-27 2 0 3 0 1 2 1 2 4 7 
18 2 0 3 0 1 2 0 3 5 6 
-3 2 0 3 0 0 3 0 3 6 5 
27 2 0 2 1 2 1 2 1 3 8 
-81 2 0 2 1 2 1 1 2 4 7 
27 2 0 2 1 2 1 0 3 5 6 
81 2 0 2 1 1 2 1 2 5 6 
-54 2 0 2 1 1 2 0 3 6 5 
9 2 0 2 1 0 3 0 3 7 4 
-27 2 0 1 2 1 2 1 2 6 5 
27 2 0 1 2 1 2 0 3 7 4 
-9 2 0 1 2 0 3 0 3 8 3 
1 2 0 0 3 0 3 0 3 9 2 
2 1 1 3 0 3 0 3 0 1 10 
-18 1 1 3 0 3 0 2 1 2 9 
18 1 1 3 0 3 0 1 2 3 8 
-6 1 1 3 0 3 0 0 3 4 7 
54 1 1 3 0 2 1 2 1 3 8 
-108 1 1 3 0 2 1 1 2 4 7 
36 1 1 3 0 2 1 0 3 5 6 
54 1 1 3 0 1 2 1 2 5 6 
-36 1 1 3 0 1 2 0 3 6 5 
6 1 1 3 0 0 3 0 3 7 4 
-54 1 1 2 1 2 1 2 1 4 7 
162 1 1 2 1 2 1 1 2 5 6 
-54 1 1 2 1 2 1 0 3 6 5 
-162 1 1 2 1 1 2 1 2 6 5 
108 1 1 2 1 1 2 0 3 7 4 
-18 1 1 2 1 0 3 0 3 8 3 
54 1 1 1 2 1 2 1 2 7 4 
-54 1 1 1 2 1 2 0 3 8 3 
18 1 1 1 2 0 3 0 3 9 2 
-2 1 1 0 3 0 3 0 3 10 1 
-1 0 2 3 0 3 0 3 0 2 9 
9 0 2 3 0 3 0 2 1 3 8 
-9 0 2 3 0 3 0 1 2 4 7 
3 0 2 3 0 3 0 0 3 5 6 
-27 0 2 3 0 2 1 2 1 4 7 
54 0 2 3 0 2 1 1 2 5 6 
-18 0 2 3 0 2 1 0 3 6 5 
-27 0 2 3 0 1 2 1 2 6 5 
18 0 2 3 0 1 2 0 3 7 4 
-3 0 2 3 0 0 3 0 3 8 3 
27 0 2 2 1 2 1 2 1 5 6 
-81 0 2 2 1 2 1 1 2 6 5 
27 0 2 2 1 2 1 0 3 7 4 
81 0 2 2 1 1 2 1 2 7 4 
-54 0 2 2 1 1 2 0 3 8 3 
9 0 2 2 1 0 3 0 3 9 2 
-27 0 2 1 2 1 2 1 2 8 3 
27 0 2 1 2 1 2 0 3 9 2 
-9 0 2 1 2 0 3 0 3 10 1 
1 0 2 0 3 0 3 0 3 11 0 

11 60 6
-1 2 0 2 0 2 0 2 0 3 0 0 11 
3 2 0 2 0 2 0 2 0 2 1 1 10 
-3 2 0 2 0 2 0 2 0 1 2 2 9 
1 2 0 2 0 2 0 2 0 0 3 3 8 
8 2 0 2 0 2 0 1 1 3 0 1 10 
-24 2 0 2 0 2 0 1 1 2 1 2 9 
24 2 0 2 0 2 0 1 1 1 2 3 8 
-8 2 0 2 0 2 0 1 1 0 3 4 7 
-4 2 0 2 0 2 0 0 2 3 0 2 9 
12 2 0 2 0 2 0 0 2 2 1 3 8 
-12 2 0 2 0 2 0 0 2 1 2 4 7 
4 2 0 2 0 2 0 0 2 0 3 5 6 
-24 2 0 2 0 1 1 1 1 3 0 2 9 
72 2 0 2 0 1 1 1 1 2 1 3 8 
-72 2 0 2 0 1 1 1 1 1 2 4 7 
24 2 0 2 0 1 1 1 1 0 3 5 6 
24 2 0 2 0 1 1 0 2 3 0 3 8 
-72 2 0 2 0 1 1 0 2 2 1 4 7 
72 2 0 2 0 1 1 0 2 1 2 5 6 
-24 2 0 2 0 1 1 0 2 0 3 6 5 
-6 2 0 2 0 0 2 0 2 3 0 4 7 
18 2 0 2 0 0 2 0 2 2 1 5 6 
-18 2 0 2 0 0 2 0 2 1 2 6 5 
6 2 0 2 0 0 2 0 2 0 3 7 4 
32 2 0 1 1 1 1 1 1 3 0 3 8 
-96 2 0 1 1 1 1 1 1 2 1 4 7 
96 2 0 1 1 1 1 1 1 1 2 5 6 
-32 2 0 1 1 1 1 1 1 0 3 6 5 
-48 2 0 1 1 1 1 0 2 3 0 4 7 
144 2 0 1 1 1 1 0 2 2 1 5 6 
-144 2 0 1 1 1 1 0 2 1 2 6 5 
48 2 0 1 1 1 1 0 2 0 3 7 4 
24 2 0 1 1 0 2 0 2 3 0 5 6 
-72 2 0 1 1 0 2 0 2 2 1 6 5 
72 2 0 1 1 0 2 0 2 1 2 7 4 
-24 2 0 1 1 0 2 0 2 0 3 8 3 
-4 2 0 0 2 0 2 0 2 3 0 6 5 
12 2 0 0 2 0 2 0 2 2 1 7 4 
-12 2 0 0 2 0 2 0 2 1 2 8 3 
4 2 0 0 2 0 2 0 2 0 3 9 2 
-16 1 1 1 1 1 1 1 1 3 0 4 7 
48 1 1 1 1 1 1 1 1 2 1 5 6 
-48 1 1 1 1 1 1 1 1 1 2 6 5 
16 1 1 1 1 1 1 1 1 0 3 7 4 
32 1 1 1 1 1 1 0 2 3 0 5 6 
-96 1 1 1 1 1 1 0 2 2 1 6 5 
96 1 1 1 1 1 1 0 2 1 2 7 4 
-32 1 1 1 1 1 1 0 2 0 3 8 3 
-24 1 1 1 1 0 2 0 2 3 0 6 5 
72 1 1 1 1 0 2 0 2 2 1 7 4 
-72 1 1 1 1 0 2 0 2 1 2 8 3 
24 1 1 1 1 0 2 0 2 0 3 9 2 
8 1 1 0 2 0 2 0 2 3 0 7 4 
-24 1 1 0 2 0 2 0 2 2 1 8 3 
24 1 1 0 2 0 2 0 2 1 2 9 2 
-8 1 1 0 2 0 2 0 2 0 3 10 1 
-1 0 2 0 2 0 2 0 2 3 0 8 3 
3 0 2 0 2 0 2 0 2 2 1 9 2 
-3 0 2 0 2 0 2 0 2 1 2 10 1 
1 0 2 0 2 0 2 0 2 0 3 11 0 

12 82 7
1 2 0 2 0 2 0 2 0 2 0 2 1 0 11 
-2 2 0 2 0 2 0 2 0 2 0 1 2 1 10 
1 2 0 2 0 2 0 2 0 2 0 0 3 2 9 
-1 2 0 2 0 2 0 2 0 1 1 3 0 0 11 
-7 2 0 2 0 2 0 2 0 1 1 2 1 1 10 
17 2 0 2 0 2 0 2 0 1 1 1 2 2 9 
-9 2 0 2 0 2 0 2 0 1 1 0 3 3 8 
1 2 0 2 0 2 0 2 0 0 2 3 0 1 10 
2 2 0 2 0 2 0 2 0 0 2 2 1 2 9 
-7 2 0 2 0 2 0 2 0 0 2 1 2 3 8 
4 2 0 2 0 2 0 2 0 0 2 0 3 4 7 
8 2 0 2 0 2 0 1 1 1 1 3 0 1 10 
16 2 0 2 0 2 0 1 1 1 1 2 1 2 9 
-56 2 0 2 0 2 0 1 1 1 1 1 2 3 8 
32 2 0 2 0 2 0 1 1 1 1 0 3 4 7 
-12 2 0 2 0 2 0 1 1 0 2 3 0 2 9 
-4 2 0 2 0 2 0 1 1 0 2 2 1 3 8 
44 2 0 2 0 2 0 1 1 0 2 1 2 4 7 
-28 2 0 2 0 2 0 1 1 0 2 0 3 5 6 
4 2 0 2 0 2 0 0 2 0 2 3 0 3 8 
-2 2 0 2 0 2 0 0 2 0 2 2 1 4 7 
-8 2 0 2 0 2 0 0 2 0 2 1 2 5 6 
6 2 0 2 0 2 0 0 2 0 2 0 3 6 5 
-24 2 0 2 0 1 1 1 1 1 1 3 0 2 9 
-8 2 0 2 0 1 1 1 1 1 1 2 1 3 8 
88 2 0 2 0 1 1 1 1 1 1 1 2 4 7 
-56 2 0 2 0 1 1 1 1 1 1 0 3 5 6 
48 2 0 2 0 1 1 1 1 0 2 3 0 3 8 
-24 2 0 2 0 1 1 1 1 0 2 2 1 4 7 
-96 2 0 2 0 1 1 1 1 0 2 1 2 5 6 
72 2 0 2 0 1 1 1 1 0 2 0 3 6 5 
-30 2 0 2 0 1 1 0 2 0 2 3 0 4 7 
30 2 0 2 0 1 1 0 2 0 2 2 1 5 6 
30 2 0 2 0 1 1 0 2 0 2 1 2 6 5 
-30 2 0 2 0 1 1 0 2 0 2 0 3 7 4 
6 2 0 2 0 0 2 0 2 0 2 3 0 5 6 
-8 2 0 2 0 0 2 0 2 0 2 2 1 6 5 
-2 2 0 2 0 0 2 0 2 0 2 1 2 7 4 
4 2 0 2 0 0 2 0 2 0 2 0 3 8 3 
32 2 0 1 1 1 1 1 1 1 1 3 0 3 8 
-16 2 0 1 1 1 1 1 1 1 1 2 1 4 7 
-64 2 0 1 1 1 1 1 1 1 1 1 2 5 6 
48 2 0 1 1 1 1 1 1 1 1 0 3 6 5 
-80 2 0 1 1 1 1 1 1 0 2 3 0 4 7 
80 2 0 1 1 1 1 1 1 0 2 2 1 5 6 
80 2 0 1 1 1 1 1 1 0 2 1 2 6 5 
-80 2 0 1 1 1 1 1 1 0 2 0 3 7 4 
72 2 0 1 1 1 1 0 2 0 2 3 0 5 6 
-96 2 0 1 1 1 1 0 2 0 2 2 1 6 5 
-24 2 0 1 1 1 1 0 2 0 2 1 2 7 4 
48 2 0 1 1 1 1 0 2 0 2 0 3 8 3 
-28 2 0 1 1 0 2 0 2 0 2 3 0 6 5 
44 2 0 1 1 0 2 0 2 0 2 2 1 7 4 
-4 2 0 1 1 0 2 0 2 0 2 1 2 8 3 
-12 2 0 1 1 0 2 0 2 0 2 0 3 9 2 
4 2 0 0 2 0 2 0 2 0 2 3 0 7 4 
-7 2 0 0 2 0 2 0 2 0 2 2 1 8 3 
2 2 0 0 2 0 2 0 2 0 2 1 2 9 2 
1 2 0 0 2 0 2 0 2 0 2 0 3 10 1 
-16 1 1 1 1 1 1 1 1 1 1 3 0 4 7 
16 1 1 1 1 1 1 1 1 1 1 2 1 5 6 
16 1 1 1 1 1 1 1 1 1 1 1 2 6 5 
-16 1 1 1 1 1 1 1 1 1 1 0 3 7 4 
48 1 1 1 1 1 1 1 1 0 2 3 0 5 6 
-64 1 1 1 1 1 1 1 1 0 2 2 1 6 5 
-16 1 1 1 1 1 1 1 1 0 2 1 2 7 4 
32 1 1 1 1 1 1 1 1 0 2 0 3 8 3 
-56 1 1 1 1 1 1 0 2 0 2 3 0 6 5 
88 1 1 1 1 1 1 0 2 0 2 2 1 7 4 
-8 1 1 1 1 1 1 0 2 0 2 1 2 8 3 
-24 1 1 1 1 1 1 0 2 0 2 0 3 9 2 
32 1 1 1 1 0 2 0 2 0 2 3 0 7 4 
-56 1 1 1 1 0 2 0 2 0 2 2 1 8 3 
16 1 1 1 1 0 2 0 2 0 2 1 2 9 2 
8 1 1 1 1 0 2 0 2 0 2 0 3 10 1 
-9 1 1 0 2 0 2 0 2 0 2 3 0 8 3 
17 1 1 0 2 0 2 0 2 0 2 2 1 9 2 
-7 1 1 0 2 0 2 0 2 0 2 1 2 10 1 
-1 1 1 0 2 0 2 0 2 0 2 0 3 11 0 
1 0 2 0 2 0 2 0 2 0 2 3 0 9 2 
-2 0 2 0 2 0 2 0 2 0 2 2 1 10 1 
1 0 2 0 2 0 2 0 2 0 2 1 2 11 0 

12 118 6
1 2 0 2 0 3 0 3 0 2 1 0 11 
-2 2 0 2 0 3 0 3 0 1 2 1 10 
1 2 0 2 0 3 0 3 0 0 3 2 9 
-6 2 0 2 0 3 0 2 1 2 1 1 10 
18 2 0 2 0 3 0 2 1 1 2 2 9 
-8 2 0 2 0 3 0 2 1 0 3 3 8 
-12 2 0 2 0 3 0 1 2 1 2 3 8 
10 2 0 2 0 3 0 1 2 0 3 4 7 
-2 2 0 2 0 3 0 0 3 0 3 5 6 
9 2 0 2 0 2 1 2 1 2 1 2 9 
-36 2 0 2 0 2 1 2 1 1 2 3 8 
15 2 0 2 0 2 1 2 1 0 3 4 7 
45 2 0 2 0 2 1 1 2 1 2 4 7 
-36 2 0 2 0 2 1 1 2 0 3 5 6 
7 2 0 2 0 2 1 0 3 0 3 6 5 
-18 2 0 2 0 1 2 1 2 1 2 5 6 
21 2 0 2 0 1 2 1 2 0 3 6 5 
-8 2 0 2 0 1 2 0 3 0 3 7 4 
1 2 0 2 0 0 3 0 3 0 3 8 3 
-1 2 0 1 1 3 0 3 0 3 0 0 11 
5 2 0 1 1 3 0 3 0 2 1 1 10 
-1 2 0 1 1 3 0 3 0 1 2 2 9 
-1 2 0 1 1 3 0 3 0 0 3 3 8 
-3 2 0 1 1 3 0 2 1 2 1 2 9 
-18 2 0 1 1 3 0 2 1 1 2 3 8 
14 2 0 1 1 3 0 2 1 0 3 4 7 
21 2 0 1 1 3 0 1 2 1 2 4 7 
-22 2 0 1 1 3 0 1 2 0 3 5 6 
5 2 0 1 1 3 0 0 3 0 3 6 5 
-9 2 0 1 1 2 1 2 1 2 1 3 8 
63 2 0 1 1 2 1 2 1 1 2 4 7 
-33 2 0 1 1 2 1 2 1 0 3 5 6 
-99 2 0 1 1 2 1 1 2 1 2 5 6 
90 2 0 1 1 2 1 1 2 0 3 6 5 
-19 2 0 1 1 2 1 0 3 0 3 7 4 
45 2 0 1 1 1 2 1 2 1 2 6 5 
-57 2 0 1 1 1 2 1 2 0 3 7 4 
23 2 0 1 1 1 2 0 3 0 3 8 3 
-3 2 0 1 1 0 3 0 3 0 3 9 2 
1 2 0 0 2 3 0 3 0 3 0 1 10 
-7 2 0 0 2 3 0 3 0 2 1 2 9 
5 2 0 0 2 3 0 3 0 1 2 3 8 
-1 2 0 0 2 3 0 3 0 0 3 4 7 
15 2 0 0 2 3 0 2 1 2 1 3 8 
-18 2 0 0 2 3 0 2 1 1 2 4 7 
2 2 0 0 2 3 0 2 1 0 3 5 6 
3 2 0 0 2 3 0 1 2 1 2 5 6 
2 2 0 0 2 3 0 1 2 0 3 6 5 
-1 2 0 0 2 3 0 0 3 0 3 7 4 
-9 2 0 0 2 2 1 2 1 2 1 4 7 
9 2 0 0 2 2 1 2 1 1 2 5 6 
3 2 0 0 2 2 1 2 1 0 3 6 5 
9 2 0 0 2 2 1 1 2 1 2 6 5 
-18 2 0 0 2 2 1 1 2 0 3 7 4 
5 2 0 0 2 2 1 0 3 0 3 8 3 
-9 2 0 0 2 1 2 1 2 1 2 7 4 
15 2 0 0 2 1 2 1 2 0 3 8 3 
-7 2 0 0 2 1 2 0 3 0 3 9 2 
1 2 0 0 2 0 3 0 3 0 3 10 1 
2 1 1 1 1 3 0 3 0 3 0 1 10 
-14 1 1 1 1 3 0 3 0 2 1 2 9 
10 1 1 1 1 3 0 3 0 1 2 3 8 
-2 1 1 1 1 3 0 3 0 0 3 4 7 
30 1 1 1 1 3 0 2 1 2 1 3 8 
-36 1 1 1 1 3 0 2 1 1 2 4 7 
4 1 1 1 1 3 0 2 1 0 3 5 6 
6 1 1 1 1 3 0 1 2 1 2 5 6 
4 1 1 1 1 3 0 1 2 0 3 6 5 
-2 1 1 1 1 3 0 0 3 0 3 7 4 
-18 1 1 1 1 2 1 2 1 2 1 4 7 
18 1 1 1 1 2 1 2 1 1 2 5 6 
6 1 1 1 1 2 1 2 1 0 3 6 5 
18 1 1 1 1 2 1 1 2 1 2 6 5 
-36 1 1 1 1 2 1 1 2 0 3 7 4 
10 1 1 1 1 2 1 0 3 0 3 8 3 
-18 1 1 1 1 1 2 1 2 1 2 7 4 
30 1 1 1 1 1 2 1 2 0 3 8 3 
-14 1 1 1 1 1 2 0 3 0 3 9 2 
2 1 1 1 1 0 3 0 3 0 3 10 1 
-3 1 1 0 2 3 0 3 0 3 0 2 9 
23 1 1 0 2 3 0 3 0 2 1 3 8 
-19 1 1 0 2 3 0 3 0 1 2 4 7 
5 1 1 0 2 3 0 3 0 0 3 5 6 
-57 1 1 0 2 3 0 2 1 2 1 4 7 
90 1 1 0 2 3 0 2 1 1 2 5 6 
-22 1 1 0 2 3 0 2 1 0 3 6 5 
-33 1 1 0 2 3 0 1 2 1 2 6 5 
14 1 1 0 2 3 0 1 2 0 3 7 4 
-1 1 1 0 2 3 0 0 3 0 3 8 3 
45 1 1 0 2 2 1 2 1 2 1 5 6 
-99 1 1 0 2 2 1 2 1 1 2 6 5 
21 1 1 0 2 2 1 2 1 0 3 7 4 
63 1 1 0 2 2 1 1 2 1 2 7 4 
-18 1 1 0 2 2 1 1 2 0 3 8 3 
-1 1 1 0 2 2 1 0 3 0 3 9 2 
-9 1 1 0 2 1 2 1 2 1 2 8 3 
-3 1 1 0 2 1 2 1 2 0 3 9 2 
5 1 1 0 2 1 2 0 3 0 3 10 1 
-1 1 1 0 2 0 3 0 3 0 3 11 0 
1 0 2 0 2 3 0 3 0 3 0 3 8 
-8 0 2 0 2 3 0 3 0 2 1 4 7 
7 0 2 0 2 3 0 3 0 1 2 5 6 
-2 0 2 0 2 3 0 3 0 0 3 6 5 
21 0 2 0 2 3 0 2 1 2 1 5 6 
-36 0 2 0 2 3 0 2 1 1 2 6 5 
10 0 2 0 2 3 0 2 1 0 3 7 4 
15 0 2 0 2 3 0 1 2 1 2 7 4 
-8 0 2 0 2 3 0 1 2 0 3 8 3 
1 0 2 0 2 3 0 0 3 0 3 9 2 
-18 0 2 0 2 2 1 2 1 2 1 6 5 
45 0 2 0 2 2 1 2 1 1 2 7 4 
-12 0 2 0 2 2 1 2 1 0 3 8 3 
-36 0 2 0 2 2 1 1 2 1 2 8 3 
18 0 2 0 2 2 1 1 2 0 3 9 2 
-2 0 2 0 2 2 1 0 3 0 3 10 1 
9 0 2 0 2 1 2 1 2 1 2 9 2 
-6 0 2 0 2 1 2 1 2 0 3 10 1 
1 0 2 0 2 1 2 0 3 0 3 11 0 

11 60 5
-1 2 0 2 0 2 0 5 0 0 11 
5 2 0 2 0 2 0 4 1 1 10 
-10 2 0 2 0 2 0 3 2 2 9 
10 2 0 2 0 2 0 2 3 3 8 
-5 2 0 2 0 2 0 1 4 4 7 
1 2 0 2 0 2 0 0 5 5 6 
6 2 0 2 0 1 1 5 0 1 10 
-30 2 0 2 0 1 1 4 1 2 9 
60 2 0 2 0 1 1 3 2 3 8 
-60 2 0 2 0 1 1 2 3 4 7 
30 2 0 2 0 1 1 1 4 5 6 
-6 2 0 2 0 1 1 0 5 6 5 
-3 2 0 2 0 0 2 5 0 2 9 
15 2 0 2 0 0 2 4 1 3 8 
-30 2 0 2 0 0 2 3 2 4 7 
30 2 0 2 0 0 2 2 3 5 6 
-15 2 0 2 0 0 2 1 4 6 5 
3 2 0 2 0 0 2 0 5 7 4 
-12 2 0 1 1 1 1 5 0 2 9 
60 2 0 1 1 1 1 4 1 3 8 
-120 2 0 1 1 1 1 3 2 4 7 
120 2 0 1 1 1 1 2 3 5 6 
-60 2 0 1 1 1 1 1 4 6 5 
12 2 0 1 1 1 1 0 5 7 4 
12 2 0 1 1 0 2 5 0 3 8 
-60 2 0 1 1 0 2 4 1 4 7 
120 2 0 1 1 0 2 3 2 5 6 
-120 2 0 1 1 0 2 2 3 6 5 
60 2 0 1 1 0 2 1 4 7 4 
-12 2 0 1 1 0 2 0 5 8 3 
-3 2 0 0 2 0 2 5 0 4 7 
15 2 0 0 2 0 2 4 1 5 6 
-30 2 0 0 2 0 2 3 2 6 5 
30 2 0 0 2 0 2 2 3 7 4 
-15 2 0 0 2 0 2 1 4 8 3 
3 2 0 0 2 0 2 0 5 9 2 
8 1 1 1 1 1 1 5 0 3 8 
-40 1 1 1 1 1 1 4 1 4 7 
80 1 1 1 1 1 1 3 2 5 6 
-80 1 1 1 1 1 1 2 3 6 5 
40 1 1 1 1 1 1 1 4 7 4 
-8 1 1 1 1 1 1 0 5 8 3 
-12 1 1 1 1 0 2 5 0 4 7 
60 1 1 1 1 0 2 4 1 5 6 
-120 1 1 1 1 0 2 3 2 6 5 
120 1 1 1 1 0 2 2 3 7 4 
-60 1 1 1 1 0 2 1 4 8 3 
12 1 1 1 1 0 2 0 5 9 2 
6 1 1 0 2 0 2 5 0 5 6 
-30 1 1 0 2 0 2 4 1 6 5 
60 1 1 0 2 0 2 3 2 7 4 
-60 1 1 0 2 0 2 2 3 8 3 
30 1 1 0 2 0 2 1 4 9 2 
-6 1 1 0 2 0 2 0 5 10 1 
-1 0 2 0 2 0 2 5 0 6 5 
5 0 2 0 2 0 2 4 1 7 4 
-10 0 2 0 2 0 2 3 2 8 3 
10 0 2 0 2 0 2 2 3 9 2 
-5 0 2 0 2 0 2 1 4 10 1 
1 0 2 0 2 0 2 0 5 11 0 

12 88 6
1 2 0 2 0 2 0 2 0 4 1 0 11 
-4 2 0 2 0 2 0 2 0 3 2 1 10 
6 2 0 2 0 2 0 2 0 2 3 2 9 
-4 2 0 2 0 2 0 2 0 1 4 3 8 
1 2 0 2 0 2 0 2 0 0 5 4 7 
-1 2 0 2 0 2 0 1 1 5 0 0 11 
-3 2 0 2 0 2 0 1 1 4 1 1 10 
22 2 0 2 0 2 0 1 1 3 2 2 9 
-38 2 0 2 0 2 0 1 1 2 3 3 8 
27 2 0 2 0 2 0 1 1 1 4 4 7 
-7 2 0 2 0 2 0 1 1 0 5 5 6 
1 2 0 2 0 2 0 0 2 5 0 1 10 
-1 2 0 2 0 2 0 0 2 4 1 2 9 
-6 2 0 2 0 2 0 0 2 3 2 3 8 
14 2 0 2 0 2 0 0 2 2 3 4 7 
-11 2 0 2 0 2 0 0 2 1 4 5 6 
3 2 0 2 0 2 0 0 2 0 5 6 5 
6 2 0 2 0 1 1 1 1 5 0 1 10 
-6 2 0 2 0 1 1 1 1 4 1 2 9 
-36 2 0 2 0 1 1 1 1 3 2 3 8 
84 2 0 2 0 1 1 1 1 2 3 4 7 
-66 2 0 2 0 1 1 1 1 1 4 5 6 
18 2 0 2 0 1 1 1 1 0 5 6 5 
-9 2 0 2 0 1 1 0 2 5 0 2 9 
21 2 0 2 0 1 1 0 2 4 1 3 8 
6 2 0 2 0 1 1 0 2 3 2 4 7 
-54 2 0 2 0 1 1 0 2 2 3 5 6 
51 2 0 2 0 1 1 0 2 1 4 6 5 
-15 2 0 2 0 1 1 0 2 0 5 7 4 
3 2 0 2 0 0 2 0 2 5 0 3 8 
-9 2 0 2 0 0 2 0 2 4 1 4 7 
6 2 0 2 0 0 2 0 2 3 2 5 6 
6 2 0 2 0 0 2 0 2 2 3 6 5 
-9 2 0 2 0 0 2 0 2 1 4 7 4 
3 2 0 2 0 0 2 0 2 0 5 8 3 
-12 2 0 1 1 1 1 1 1 5 0 2 9 
28 2 0 1 1 1 1 1 1 4 1 3 8 
8 2 0 1 1 1 1 1 1 3 2 4 7 
-72 2 0 1 1 1 1 1 1 2 3 5 6 
68 2 0 1 1 1 1 1 1 1 4 6 5 
-20 2 0 1 1 1 1 1 1 0 5 7 4 
24 2 0 1 1 1 1 0 2 5 0 3 8 
-72 2 0 1 1 1 1 0 2 4 1 4 7 
48 2 0 1 1 1 1 0 2 3 2 5 6 
48 2 0 1 1 1 1 0 2 2 3 6 5 
-72 2 0 1 1 1 1 0 2 1 4 7 4 
24 2 0 1 1 1 1 0 2 0 5 8 3 
-15 2 0 1 1 0 2 0 2 5 0 4 7 
51 2 0 1 1 0 2 0 2 4 1 5 6 
-54 2 0 1 1 0 2 0 2 3 2 6 5 
6 2 0 1 1 0 2 0 2 2 3 7 4 
21 2 0 1 1 0 2 0 2 1 4 8 3 
-9 2 0 1 1 0 2 0 2 0 5 9 2 
3 2 0 0 2 0 2 0 2 5 0 5 6 
-11 2 0 0 2 0 2 0 2 4 1 6 5 
14 2 0 0 2 0 2 0 2 3 2 7 4 
-6 2 0 0 2 0 2 0 2 2 3 8 3 
-1 2 0 0 2 0 2 0 2 1 4 9 2 
1 2 0 0 2 0 2 0 2 0 5 10 1 
8 1 1 1 1 1 1 1 1 5 0 3 8 
-24 1 1 1 1 1 1 1 1 4 1 4 7 
16 1 1 1 1 1 1 1 1 3 2 5 6 
16 1 1 1 1 1 1 1 1 2 3 6 5 
-24 1 1 1 1 1 1 1 1 1 4 7 4 
8 1 1 1 1 1 1 1 1 0 5 8 3 
-20 1 1 1 1 1 1 0 2 5 0 4 7 
68 1 1 1 1 1 1 0 2 4 1 5 6 
-72 1 1 1 1 1 1 0 2 3 2 6 5 
8 1 1 1 1 1 1 0 2 2 3 7 4 
28 1 1 1 1 1 1 0 2 1 4 8 3 
-12 1 1 1 1 1 1 0 2 0 5 9 2 
18 1 1 1 1 0 2 0 2 5 0 5 6 
-66 1 1 1 1 0 2 0 2 4 1 6 5 
84 1 1 1 1 0 2 0 2 3 2 7 4 
-36 1 1 1 1 0 2 0 2 2 3 8 3 
-6 1 1 1 1 0 2 0 2 1 4 9 2 
6 1 1 1 1 0 2 0 2 0 5 10 1 
-7 1 1 0 2 0 2 0 2 5 0 6 5 
27 1 1 0 2 0 2 0 2 4 1 7 4 
-38 1 1 0 2 0 2 0 2 3 2 8 3 
22 1 1 0 2 0 2 0 2 2 3 9 2 
-3 1 1 0 2 0 2 0 2 1 4 10 1 
-1 1 1 0 2 0 2 0 2 0 5 11 0 
1 0 2 0 2 0 2 0 2 5 0 7 4 
-4 0 2 0 2 0 2 0 2 4 1 8 3 
6 0 2 0 2 0 2 0 2 3 2 9 2 
-4 0 2 0 2 0 2 0 2 2 3 10 1 
1 0 2 0 2 0 2 0 2 1 4 11 0 

11 42 3
-1 5 0 6 0 0 11 
6 5 0 5 1 1 10 
-15 5 0 4 2 2 9 
20 5 0 3 3 3 8 
-15 5 0 2 4 4 7 
6 5 0 1 5 5 6 
-1 5 0 0 6 6 5 
5 4 1 6 0 1 10 
-30 4 1 5 1 2 9 
75 4 1 4 2 3 8 
-100 4 1 3 3 4 7 
75 4 1 2 4 5 6 
-30 4 1 1 5 6 5 
5 4 1 0 6 7 4 
-10 3 2 6 0 2 9 
60 3 2 5 1 3 8 
-150 3 2 4 2 4 7 
200 3 2 3 3 5 6 
-150 3 2 2 4 6 5 
60 3 2 1 5 7 4 
-10 3 2 0 6 8 3 
10 2 3 6 0 3 8 
-60 2 3 5 1 4 7 
150 2 3 4 2 5 6 
-200 2 3 3 3 6 5 
150 2 3 2 4 7 4 
-60 2 3 1 5 8 3 
10 2 3 0 6 9 2 
-5 1 4 6 0 4 7 
30 1 4 5 1 5 6 
-75 1 4 4 2 6 5 
100 1 4 3 3 7 4 
-75 1 4 2 4 8 3 
30 1 4 1 5 9 2 
-5 1 4 0 6 10 1 
1 0 5 6 0 5 6 
-6 0 5 5 1 6 5 
15 0 5 4 2 7 4 
-20 0 5 3 3 8 3 
15 0 5 2 4 9 2 
-6 0 5 1 5 10 1 
1 0 5 0 6 11 0 

11 48 4
-1 2 0 2 0 7 0 0 11 
7 2 0 2 0 6 1 1 10 
-21 2 0 2 0 5 2 2 9 
35 2 0 2 0 4 3 3 8 
-35 2 0 2 0 3 4 4 7 
21 2 0 2 0 2 5 5 6 
-7 2 0 2 0 1 6 6 5 
1 2 0 2 0 0 7 7 4 
4 2 0 1 1 7 0 1 10 
-28 2 0 1 1 6 1 2 9 
84 2 0 1 1 5 2 3 8 
-140 2 0 1 1 4 3 4 7 
140 2 0 1 1 3 4 5 6 
-84 2 0 1 1 2 5 6 5 
28 2 0 1 1 1 6 7 4 
-4 2 0 1 1 0 7 8 3 
-2 2 0 0 2 7 0 2 9 
14 2 0 0 2 6 1 3 8 
-42 2 0 0 2 5 2 4 7 
70 2 0 0 2 4 3 5 6 
-70 2 0 0 2 3 4 6 5 
42 2 0 0 2 2 5 7 4 
-14 2 0 0 2 1 6 8 3 
2 2 0 0 2 0 7 9 2 
-4 1 1 1 1 7 0 2 9 
28 1 1 1 1 6 1 3 8 
-84 1 1 1 1 5 2 4 7 
140 1 1 1 1 4 3 5 6 
-140 1 1 1 1 3 4 6 5 
84 1 1 1 1 2 5 7 4 
-28 1 1 1 1 1 6 8 3 
4 1 1 1 1 0 7 9 2 
4 1 1 0 2 7 0 3 8 
-28 1 1 0 2 6 1 4 7 
84 1 1 0 2 5 2 5 6 
-140 1 1 0 2 4 3 6 5 
140 1 1 0 2 3 4 7 4 
-84 1 1 0 2 2 5 8 3 
28 1 1 0 2 1 6 9 2 
-4 1 1 0 2 0 7 10 1 
-1 0 2 0 2 7 0 4 7 
7 0 2 0 2 6 1 5 6 
-21 0 2 0 2 5 2 6 5 
35 0 2 0 2 4 3 7 4 
-35 0 2 0 2 3 4 8 3 
21 0 2 0 2 2 5 9 2 
-7 0 2 0 2 1 6 10 1 
1 0 2 0 2 0 7 11 0 

12 78 5
1 2 0 2 0 2 0 6 1 0 11 
-6 2 0 2 0 2 0 5 2 1 10 
15 2 0 2 0 2 0 4 3 2 9 
-20 2 0 2 0 2 0 3 4 3 8 
15 2 0 2 0 2 0 2 5 4 7 
-6 2 0 2 0 2 0 1 6 5 6 
1 2 0 2 0 2 0 0 7 6 5 
-1 2 0 2 0 1 1 7 0 0 11 
1 2 0 2 0 1 1 6 1 1 10 
15 2 0 2 0 1 1 5 2 2 9 
-55 2 0 2 0 1 1 4 3 3 8 
85 2 0 2 0 1 1 3 4 4 7 
-69 2 0 2 0 1 1 2 5 5 6 
29 2 0 2 0 1 1 1 6 6 5 
-5 2 0 2 0 1 1 0 7 7 4 
1 2 0 2 0 0 2 7 0 1 10 
-4 2 0 2 0 0 2 6 1 2 9 
3 2 0 2 0 0 2 5 2 3 8 
10 2 0 2 0 0 2 4 3 4 7 
-25 2 0 2 0 0 2 3 4 5 6 
24 2 0 2 0 0 2 2 5 6 5 
-11 2 0 2 0 0 2 1 6 7 4 
2 2 0 2 0 0 2 0 7 8 3 
4 2 0 1 1 1 1 7 0 1 10 
-16 2 0 1 1 1 1 6 1 2 9 
12 2 0 1 1 1 1 5 2 3 8 
40 2 0 1 1 1 1 4 3 4 7 
-100 2 0 1 1 1 1 3 4 5 6 
96 2 0 1 1 1 1 2 5 6 5 
-44 2 0 1 1 1 1 1 6 7 4 
8 2 0 1 1 1 1 0 7 8 3 
-6 2 0 1 1 0 2 7 0 2 9 
30 2 0 1 1 0 2 6 1 3 8 
-54 2 0 1 1 0 2 5 2 4 7 
30 2 0 1 1 0 2 4 3 5 6 
30 2 0 1 1 0 2 3 4 6 5 
-54 2 0 1 1 0 2 2 5 7 4 
30 2 0 1 1 0 2 1 6 8 3 
-6 2 0 1 1 0 2 0 7 9 2 
2 2 0 0 2 0 2 7 0 3 8 
-11 2 0 0 2 0 2 6 1 4 7 
24 2 0 0 2 0 2 5 2 5 6 
-25 2 0 0 2 0 2 4 3 6 5 
10 2 0 0 2 0 2 3 4 7 4 
3 2 0 0 2 0 2 2 5 8 3 
-4 2 0 0 2 0 2 1 6 9 2 
1 2 0 0 2 0 2 0 7 10 1 
-4 1 1 1 1 1 1 7 0 2 9 
20 1 1 1 1 1 1 6 1 3 8 
-36 1 1 1 1 1 1 5 2 4 7 
20 1 1 1 1 1 1 4 3 5 6 
20 1 1 1 1 1 1 3 4 6 5 
-36 1 1 1 1 1 1 2 5 7 4 
20 1 1 1 1 1 1 1 6 8 3 
-4 1 1 1 1 1 1 0 7 9 2 
8 1 1 1 1 0 2 7 0 3 8 
-44 1 1 1 1 0 2 6 1 4 7 
96 1 1 1 1 0 2 5 2 5 6 
-100 1 1 1 1 0 2 4 3 6 5 
40 1 1 1 1 0 2 3 4 7 4 
12 1 1 1 1 0 2 2 5 8 3 
-16 1 1 1 1 0 2 1 6 9 2 
4 1 1 1 1 0 2 0 7 10 1 
-5 1 1 0 2 0 2 7 0 4 7 
29 1 1 0 2 0 2 6 1 5 6 
-69 1 1 0 2 0 2 5 2 6 5 
85 1 1 0 2 0 2 4 3 7 4 
-55 1 1 0 2 0 2 3 4 8 3 
15 1 1 0 2 0 2 2 5 9 2 
1 1 1 0 2 0 2 1 6 10 1 
-1 1 1 0 2 0 2 0 7 11 0 
1 0 2 0 2 0 2 7 0 5 6 
-6 0 2 0 2 0 2 6 1 6 5 
15 0 2 0 2 0 2 5 2 7 4 
-20 0 2 0 2 0 2 4 3 8 3 
15 0 2 0 2 0 2 3 4 9 2 
-6 0 2 0 2 0 2 2 5 10 1 
1 0 2 0 2 0 2 1 6 11 0 

11 36 3
-1 3 0 8 0 0 11 
8 3 0 7 1 1 10 
-28 3 0 6 2 2 9 
56 3 0 5 3 3 8 
-70 3 0 4 4 4 7 
56 3 0 3 5 5 6 
-28 3 0 2 6 6 5 
8 3 0 1 7 7 4 
-1 3 0 0 8 8 3 
3 2 1 8 0 1 10 
-24 2 1 7 1 2 9 
84 2 1 6 2 3 8 
-168 2 1 5 3 4 7 
210 2 1 4 4 5 6 
-168 2 1 3 5 6 5 
84 2 1 2 6 7 4 
-24 2 1 1 7 8 3 
3 2 1 0 8 9 2 
-3 1 2 8 0 2 9 
24 1 2 7 1 3 8 
-84 1 2 6 2 4 7 
168 1 2 5 3 5 6 
-210 1 2 4 4 6 5 
168 1 2 3 5 7 4 
-84 1 2 2 6 8 3 
24 1 2 1 7 9 2 
-3 1 2 0 8 10 1 
1 0 3 8 0 3 8 
-8 0 3 7 1 4 7 
28 0 3 6 2 5 6 
-56 0 3 5 3 6 5 
70 0 3 4 4 7 4 
-56 0 3 3 5 8 3 
28 0 3 2 6 9 2 
-8 0 3 1 7 10 1 
1 0 3 0 8 11 0 

12 58 4
1 2 0 2 0 8 1 0 11 
-8 2 0 2 0 7 2 1 10 
28 2 0 2 0 6 3 2 9 
-56 2 0 2 0 5 4 3 8 
70 2 0 2 0 4 5 4 7 
-56 2 0 2 0 3 6 5 6 
28 2 0 2 0 2 7 6 5 
-8 2 0 2 0 1 8 7 4 
1 2 0 2 0 0 9 8 3 
-1 2 0 1 1 9 0 0 11 
5 2 0 1 1 8 1 1 10 
-4 2 0 1 1 7 2 2 9 
-28 2 0 1 1 6 3 3 8 
98 2 0 1 1 5 4 4 7 
-154 2 0 1 1 4 5 5 6 
140 2 0 1 1 3 6 6 5 
-76 2 0 1 1 2 7 7 4 
23 2 0 1 1 1 8 8 3 
-3 2 0 1 1 0 9 9 2 
1 2 0 0 2 9 0 1 10 
-7 2 0 0 2 8 1 2 9 
20 2 0 0 2 7 2 3 8 
-28 2 0 0 2 6 3 4 7 
14 2 0 0 2 5 4 5 6 
14 2 0 0 2 4 5 6 5 
-28 2 0 0 2 3 6 7 4 
20 2 0 0 2 2 7 8 3 
-7 2 0 0 2 1 8 9 2 
1 2 0 0 2 0 9 10 1 
2 1 1 1 1 9 0 1 10 
-14 1 1 1 1 8 1 2 9 
40 1 1 1 1 7 2 3 8 
-56 1 1 1 1 6 3 4 7 
28 1 1 1 1 5 4 5 6 
28 1 1 1 1 4 5 6 5 
-56 1 1 1 1 3 6 7 4 
40 1 1 1 1 2 7 8 3 
-14 1 1 1 1 1 8 9 2 
2 1 1 1 1 0 9 10 1 
-3 1 1 0 2 9 0 2 9 
23 1 1 0 2 8 1 3 8 
-76 1 1 0 2 7 2 4 7 
140 1 1 0 2 6 3 5 6 
-154 1 1 0 2 5 4 6 5 
98 1 1 0 2 4 5 7 4 
-28 1 1 0 2 3 6 8 3 
-4 1 1 0 2 2 7 9 2 
5 1 1 0 2 1 8 10 1 
-1 1 1 0 2 0 9 11 0 
1 0 2 0 2 9 0 3 8 
-8 0 2 0 2 8 1 4 7 
28 0 2 0 2 7 2 5 6 
-56 0 2 0 2 6 3 6 5 
70 0 2 0 2 5 4 7 4 
-56 0 2 0 2 4 5 8 3 
28 0 2 0 2 3 6 9 2 
-8 0 2 0 2 2 7 10 1 
1 0 2 0 2 1 8 11 0 

12 7 2
1 12 0 0 12 
-12 11 1 1 11 
66 10 2 2 10 
-220 9 3 3 9 
495 8 4 4 8 
-792 7 5 5 7 
462 6 6 6 6 

12 28 7
1 2 0 2 0 2 0 2 0 2 0 2 0 0 12 
-12 2 0 2 0 2 0 2 0 2 0 1 1 1 11 
6 2 0 2 0 2 0 2 0 2 0 0 2 2 10 
60 2 0 2 0 2 0 2 0 1 1 1 1 2 10 
-60 2 0 2 0 2 0 2 0 1 1 0 2 3 9 
15 2 0 2 0 2 0 2 0 0 2 0 2 4 8 
-160 2 0 2 0 2 0 1 1 1 1 1 1 3 9 
240 2 0 2 0 2 0 1 1 1 1 0 2 4 8 
-120 2 0 2 0 2 0 1 1 0 2 0 2 5 7 
20 2 0 2 0 2 0 0 2 0 2 0 2 6 6 
240 2 0 2 0 1 1 1 1 1 1 1 1 4 8 
-480 2 0 2 0 1 1 1 1 1 1 0 2 5 7 
360 2 0 2 0 1 1 1 1 0 2 0 2 6 6 
-120 2 0 2 0 1 1 0 2 0 2 0 2 7 5 
15 2 0 2 0 0 2 0 2 0 2 0 2 8 4 
-192 2 0 1 1 1 1 1 1 1 1 1 1 5 7 
480 2 0 1 1 1 1 1 1 1 1 0 2 6 6 
-480 2 0 1 1 1 1 1 1 0 2 0 2 7 5 
240 2 0 1 1 1 1 0 2 0 2 0 2 8 4 
-60 2 0 1 1 0 2 0 2 0 2 0 2 9 3 
6 2 0 0 2 0 2 0 2 0 2 0 2 10 2 
64 1 1 1 1 1 1 1 1 1 1 1 1 6 6 
-192 1 1 1 1 1 1 1 1 1 1 0 2 7 5 
240 1 1 1 1 1 1 1 1 0 2 0 2 8 4 
-160 1 1 1 1 1 1 0 2 0 2 0 2 9 3 
60 1 1 1 1 0 2 0 2 0 2 0 2 10 2 
-12 1 1 0 2 0 2 0 2 0 2 0 2 11 1 
1 0 2 0 2 0 2 0 2 0 2 0 2 12 0 

12 35 5
1 3 0 3 0 3 0 3 0 0 12 
-12 3 0 3 0 3 0 2 1 1 11 
12 3 0 3 0 3 0 1 2 2 10 
-4 3 0 3 0 3 0 0 3 3 9 
54 3 0 3 0 2 1 2 1 2 10 
-108 3 0 3 0 2 1 1 2 3 9 
36 3 0 3 0 2 1 0 3 4 8 
54 3 0 3 0 1 2 1 2 4 8 
-36 3 0 3 0 1 2 0 3 5 7 
6 3 0 3 0 0 3 0 3 6 6 
-108 3 0 2 1 2 1 2 1 3 9 
324 3 0 2 1 2 1 1 2 4 8 
-108 3 0 2 1 2 1 0 3 5 7 
-324 3 0 2 1 1 2 1 2 5 7 
216 3 0 2 1 1 2 0 3 6 6 
-36 3 0 2 1 0 3 0 3 7 5 
108 3 0 1 2 1 2 1 2 6 6 
-108 3 0 1 2 1 2 0 3 7 5 
36 3 0 1 2 0 3 0 3 8 4 
-4 3 0 0 3 0 3 0 3 9 3 
81 2 1 2 1 2 1 2 1 4 8 
-324 2 1 2 1 2 1 1 2 5 7 
108 2 1 2 1 2 1 0 3 6 6 
486 2 1 2 1 1 2 1 2 6 6 
-324 2 1 2 1 1 2 0 3 7 5 
54 2 1 2 1 0 3 0 3 8 4 
-324 2 1 1 2 1 2 1 2 7 5 
324 2 1 1 2 1 2 0 3 8 4 
-108 2 1 1 2 0 3 0 3 9 3 
12 2 1 0 3 0 3 0 3 10 2 
81 1 2 1 2 1 2 1 2 8 4 
-108 1 2 1 2 1 2 0 3 9 3 
54 1 2 1 2 0 3 0 3 10 2 
-12 1 2 0 3 0 3 0 3 11 1 
1 0 3 0 3 0 3 0 3 12 0 

12 100 6
1 2 0 2 0 2 0 3 0 3 0 0 12 
-6 2 0 2 0 2 0 3 0 2 1 1 11 
6 2 0 2 0 2 0 3 0 1 2 2 10 
-2 2 0 2 0 2 0 3 0 0 3 3 9 
9 2 0 2 0 2 0 2 1 2 1 2 10 
-18 2 0 2 0 2 0 2 1 1 2 3 9 
6 2 0 2 0 2 0 2 1 0 3 4 8 
9 2 0 2 0 2 0 1 2 1 2 4 8 
-6 2 0 2 0 2 0 1 2 0 3 5 7 
1 2 0 2 0 2 0 0 3 0 3 6 6 
-6 2 0 2 0 1 1 3 0 3 0 1 11 
36 2 0 2 0 1 1 3 0 2 1 2 10 
-36 2 0 2 0 1 1 3 0 1 2 3 9 
12 2 0 2 0 1 1 3 0 0 3 4 8 
-54 2 0 2 0 1 1 2 1 2 1 3 9 
108 2 0 2 0 1 1 2 1 1 2 4 8 
-36 2 0 2 0 1 1 2 1 0 3 5 7 
-54 2 0 2 0 1 1 1 2 1 2 5 7 
36 2 0 2 0 1 1 1 2 0 3 6 6 
-6 2 0 2 0 1 1 0 3 0 3 7 5 
3 2 0 2 0 0 2 3 0 3 0 2 10 
-18 2 0 2 0 0 2 3 0 2 1 3 9 
18 2 0 2 0 0 2 3 0 1 2 4 8 
-6 2 0 2 0 0 2 3 0 0 3 5 7 
27 2 0 2 0 0 2 2 1 2 1 4 8 
-54 2 0 2 0 0 2 2 1 1 2 5 7 
18 2 0 2 0 0 2 2 1 0 3 6 6 
27 2 0 2 0 0 2 1 2 1 2 6 6 
-18 2 0 2 0 0 2 1 2 0 3 7 5 
3 2 0 2 0 0 2 0 3 0 3 8 4 
12 2 0 1 1 1 1 3 0 3 0 2 10 
-72 2 0 1 1 1 1 3 0 2 1 3 9 
72 2 0 1 1 1 1 3 0 1 2 4 8 
-24 2 0 1 1 1 1 3 0 0 3 5 7 
108 2 0 1 1 1 1 2 1 2 1 4 8 
-216 2 0 1 1 1 1 2 1 1 2 5 7 
72 2 0 1 1 1 1 2 1 0 3 6 6 
108 2 0 1 1 1 1 1 2 1 2 6 6 
-72 2 0 1 1 1 1 1 2 0 3 7 5 
12 2 0 1 1 1 1 0 3 0 3 8 4 
-12 2 0 1 1 0 2 3 0 3 0 3 9 
72 2 0 1 1 0 2 3 0 2 1 4 8 
-72 2 0 1 1 0 2 3 0 1 2 5 7 
24 2 0 1 1 0 2 3 0 0 3 6 6 
-108 2 0 1 1 0 2 2 1 2 1 5 7 
216 2 0 1 1 0 2 2 1 1 2 6 6 
-72 2 0 1 1 0 2 2 1 0 3 7 5 
-108 2 0 1 1 0 2 1 2 1 2 7 5 
72 2 0 1 1 0 2 1 2 0 3 8 4 
-12 2 0 1 1 0 2 0 3 0 3 9 3 
3 2 0 0 2 0 2 3 0 3 0 4 8 
-18 2 0 0 2 0 2 3 0 2 1 5 7 
18 2 0 0 2 0 2 3 0 1 2 6 6 
-6 2 0 0 2 0 2 3 0 0 3 7 5 
27 2 0 0 2 0 2 2 1 2 1 6 6 
-54 2 0 0 2 0 2 2 1 1 2 7 5 
18 2 0 0 2 0 2 2 1 0 3 8 4 
27 2 0 0 2 0 2 1 2 1 2 8 4 
-18 2 0 0 2 0 2 1 2 0 3 9 3 
3 2 0 0 2 0 2 0 3 0 3 10 2 
-8 1 1 1 1 1 1 3 0 3 0 3 9 
48 1 1 1 1 1 1 3 0 2 1 4 8 
-48 1 1 1 1 1 1 3 0 1 2 5 7 
16 1 1 1 1 1 1 3 0 0 3 6 6 
-72 1 1 1 1 1 1 2 1 2 1 5 7 
144 1 1 1 1 1 1 2 1 1 2 6 6 
-48 1 1 1 1 1 1 2 1 0 3 7 5 
-72 1 1 1 1 1 1 1 2 1 2 7 5 
48 1 1 1 1 1 1 1 2 0 3 8 4 
-8 1 1 1 1 1 1 0 3 0 3 9 3 
12 1 1 1 1 0 2 3 0 3 0 4 8 
-72 1 1 1 1 0 2 3 0 2 1 5 7 
72 1 1 1 1 0 2 3 0 1 2 6 6 
-24 1 1 1 1 0 2 3 0 0 3 7 5 
108 1 1 1 1 0 2 2 1 2 1 6 6 
-216 1 1 1 1 0 2 2 1 1 2 7 5 
72 1 1 1 1 0 2 2 1 0 3 8 4 
108 1 1 1 1 0 2 1 2 1 2 8 4 
-72 1 1 1 1 0 2 1 2 0 3 9 3 
12 1 1 1 1 0 2 0 3 0 3 10 2 
-6 1 1 0 2 0 2 3 0 3 0 5 7 
36 1 1 0 2 0 2 3 0 2 1 6 6 
-36 1 1 0 2 0 2 3 0 1 2 7 5 
12 1 1 0 2 0 2 3 0 0 3 8 4 
-54 1 1 0 2 0 2 2 1 2 1 7 5 
108 1 1 0 2 0 2 2 1 1 2 8 4 
-36 1 1 0 2 0 2 2 1 0 3 9 3 
-54 1 1 0 2 0 2 1 2 1 2 9 3 
36 1 1 0 2 0 2 1 2 0 3 10 2 
-6 1 1 0 2 0 2 0 3 0 3 11 1 
1 0 2 0 2 0 2 3 0 3 0 6 6 
-6 0 2 0 2 0 2 3 0 2 1 7 5 
6 0 2 0 2 0 2 3 0 1 2 8 4 
-2 0 2 0 2 0 2 3 0 0 3 9 3 
9 0 2 0 2 0 2 2 1 2 1 8 4 
-18 0 2 0 2 0 2 2 1 1 2 9 3 
6 0 2 0 2 0 2 2 1 0 3 10 2 
9 0 2 0 2 0 2 1 2 1 2 10 2 
-6 0 2 0 2 0 2 1 2 0 3 11 1 
1 0 2 0 2 0 2 0 3 0 3 12 0 

12 90 5
1 2 0 2 0 4 0 4 0 0 12 
-8 2 0 2 0 4 0 3 1 1 11 
12 2 0 2 0 4 0 2 2 2 10 
-8 2 0 2 0 4 0 1 3 3 9 
2 2 0 2 0 4 0 0 4 4 8 
16 2 0 2 0 3 1 3 1 2 10 
-48 2 0 2 0 3 1 2 2 3 9 
32 2 0 2 0 3 1 1 3 4 8 
-8 2 0 2 0 3 1 0 4 5 7 
36 2 0 2 0 2 2 2 2 4 8 
-48 2 0 2 0 2 2 1 3 5 7 
12 2 0 2 0 2 2 0 4 6 6 
16 2 0 2 0 1 3 1 3 6 6 
-8 2 0 2 0 1 3 0 4 7 5 
1 2 0 2 0 0 4 0 4 8 4 
-4 2 0 1 1 4 0 4 0 1 11 
32 2 0 1 1 4 0 3 1 2 10 
-48 2 0 1 1 4 0 2 2 3 9 
32 2 0 1 1 4 0 1 3 4 8 
-8 2 0 1 1 4 0 0 4 5 7 
-64 2 0 1 1 3 1 3 1 3 9 
192 2 0 1 1 3 1 2 2 4 8 
-128 2 0 1 1 3 1 1 3 5 7 
32 2 0 1 1 3 1 0 4 6 6 
-144 2 0 1 1 2 2 2 2 5 7 
192 2 0 1 1 2 2 1 3 6 6 
-48 2 0 1 1 2 2 0 4 7 5 
-64 2 0 1 1 1 3 1 3 7 5 
32 2 0 1 1 1 3 0 4 8 4 
-4 2 0 1 1 0 4 0 4 9 3 
2 2 0 0 2 4 0 4 0 2 10 
-16 2 0 0 2 4 0 3 1 3 9 
24 2 0 0 2 4 0 2 2 4 8 
-16 2 0 0 2 4 0 1 3 5 7 
4 2 0 0 2 4 0 0 4 6 6 
32 2 0 0 2 3 1 3 1 4 8 
-96 2 0 0 2 3 1 2 2 5 7 
64 2 0 0 2 3 1 1 3 6 6 
-16 2 0 0 2 3 1 0 4 7 5 
72 2 0 0 2 2 2 2 2 6 6 
-96 2 0 0 2 2 2 1 3 7 5 
24 2 0 0 2 2 2 0 4 8 4 
32 2 0 0 2 1 3 1 3 8 4 
-16 2 0 0 2 1 3 0 4 9 3 
2 2 0 0 2 0 4 0 4 10 2 
4 1 1 1 1 4 0 4 0 2 10 
-32 1 1 1 1 4 0 3 1 3 9 
48 1 1 1 1 4 0 2 2 4 8 
-32 1 1 1 1 4 0 1 3 5 7 
8 1 1 1 1 4 0 0 4 6 6 
64 1 1 1 1 3 1 3 1 4 8 
-192 1 1 1 1 3 1 2 2 5 7 
128 1 1 1 1 3 1 1 3 6 6 
-32 1 1 1 1 3 1 0 4 7 5 
144 1 1 1 1 2 2 2 2 6 6 
-192 1 1 1 1 2 2 1 3 7 5 
48 1 1 1 1 2 2 0 4 8 4 
64 1 1 1 1 1 3 1 3 8 4 
-32 1 1 1 1 1 3 0 4 9 3 
4 1 1 1 1 0 4 0 4 10 2 
-4 1 1 0 2 4 0 4 0 3 9 
32 1 1 0 2 4 0 3 1 4 8 
-48 1 1 0 2 4 0 2 2 5 7 
32 1 1 0 2 4 0 1 3 6 6 
-8 1 1 0 2 4 0 0 4 7 5 
-64 1 1 0 2 3 1 3 1 5 7 
192 1 1 0 2 3 1 2 2 6 6 
-128 1 1 0 2 3 1 1 3 7 5 
32 1 1 0 2 3 1 0 4 8 4 
-144 1 1 0 2 2 2 2 2 7 5 
192 1 1 0 2 2 2 1 3 8 4 
-48 1 1 0 2 2 2 0 4 9 3 
-64 1 1 0 2 1 3 1 3 9 3 
32 1 1 0 2 1 3 0 4 10 2 
-4 1 1 0 2 0 4 0 4 11 1 
1 0 2 0 2 4 0 4 0 4 8 
-8 0 2 0 2 4 0 3 1 5 7 
12 0 2 0 2 4 0 2 2 6 6 
-8 0 2 0 2 4 0 1 3 7 5 
2 0 2 0 2 4 0 0 4 8 4 
16 0 2 0 2 3 1 3 1 6 6 
-48 0 2 0 2 3 1 2 2 7 5 
32 0 2 0 2 3 1 1 3 8 4 
-8 0 2 0 2 3 1 0 4 9 3 
36 0 2 0 2 2 2 2 2 8 4 
-48 0 2 0 2 2 2 1 3 9 3 
12 0 2 0 2 2 2 0 4 10 2 
16 0 2 0 2 1 3 1 3 10 2 
-8 0 2 0 2 1 3 0 4 11 1 
1 0 2 0 2 0 4 0 4 12 0 

12 75 6
1 2 0 2 0 2 0 2 0 4 0 0 12 
-4 2 0 2 0 2 0 2 0 3 1 1 11 
6 2 0 2 0 2 0 2 0 2 2 2 10 
-4 2 0 2 0 2 0 2 0 1 3 3 9 
1 2 0 2 0 2 0 2 0 0 4 4 8 
-8 2 0 2 0 2 0 1 1 4 0 1 11 
32 2 0 2 0 2 0 1 1 3 1 2 10 
-48 2 0 2 0 2 0 1 1 2 2 3 9 
32 2 0 2 0 2 0 1 1 1 3 4 8 
-8 2 0 2 0 2 0 1 1 0 4 5 7 
4 2 0 2 0 2 0 0 2 4 0 2 10 
-16 2 0 2 0 2 0 0 2 3 1 3 9 
24 2 0 2 0 2 0 0 2 2 2 4 8 
-16 2 0 2 0 2 0 0 2 1 3 5 7 
4 2 0 2 0 2 0 0 2 0 4 6 6 
24 2 0 2 0 1 1 1 1 4 0 2 10 
-96 2 0 2 0 1 1 1 1 3 1 3 9 
144 2 0 2 0 1 1 1 1 2 2 4 8 
-96 2 0 2 0 1 1 1 1 1 3 5 7 
24 2 0 2 0 1 1 1 1 0 4 6 6 
-24 2 0 2 0 1 1 0 2 4 0 3 9 
96 2 0 2 0 1 1 0 2 3 1 4 8 
-144 2 0 2 0 1 1 0 2 2 2 5 7 
96 2 0 2 0 1 1 0 2 1 3 6 6 
-24 2 0 2 0 1 1 0 2 0 4 7 5 
6 2 0 2 0 0 2 0 2 4 0 4 8 
-24 2 0 2 0 0 2 0 2 3 1 5 7 
36 2 0 2 0 0 2 0 2 2 2 6 6 
-24 2 0 2 0 0 2 0 2 1 3 7 5 
6 2 0 2 0 0 2 0 2 0 4 8 4 
-32 2 0 1 1 1 1 1 1 4 0 3 9 
128 2 0 1 1 1 1 1 1 3 1 4 8 
-192 2 0 1 1 1 1 1 1 2 2 5 7 
128 2 0 1 1 1 1 1 1 1 3 6 6 
-32 2 0 1 1 1 1 1 1 0 4 7 5 
48 2 0 1 1 1 1 0 2 4 0 4 8 
-192 2 0 1 1 1 1 0 2 3 1 5 7 
288 2 0 1 1 1 1 0 2 2 2 6 6 
-192 2 0 1 1 1 1 0 2 1 3 7 5 
48 2 0 1 1 1 1 0 2 0 4 8 4 
-24 2 0 1 1 0 2 0 2 4 0 5 7 
96 2 0 1 1 0 2 0 2 3 1 6 6 
-144 2 0 1 1 0 2 0 2 2 2 7 5 
96 2 0 1 1 0 2 0 2 1 3 8 4 
-24 2 0 1 1 0 2 0 2 0 4 9 3 
4 2 0 0 2 0 2 0 2 4 0 6 6 
-16 2 0 0 2 0 2 0 2 3 1 7 5 
24 2 0 0 2 0 2 0 2 2 2 8 4 
-16 2 0 0 2 0 2 0 2 1 3 9 3 
4 2 0 0 2 0 2 0 2 0 4 10 2 
16 1 1 1 1 1 1 1 1 4 0 4 8 
-64 1 1 1 1 1 1 1 1 3 1 5 7 
96 1 1 1 1 1 1 1 1 2 2 6 6 
-64 1 1 1 1 1 1 1 1 1 3 7 5 
16 1 1 1 1 1 1 1 1 0 4 8 4 
-32 1 1 1 1 1 1 0 2 4 0 5 7 
128 1 1 1 1 1 1 0 2 3 1 6 6 
-192 1 1 1 1 1 1 0 2 2 2 7 5 
128 1 1 1 1 1 1 0 2 1 3 8 4 
-32 1 1 1 1 1 1 0 2 0 4 9 3 
24 1 1 1 1 0 2 0 2 4 0 6 6 
-96 1 1 1 1 0 2 0 2 3 1 7 5 
144 1 1 1 1 0 2 0 2 2 2 8 4 
-96 1 1 1 1 0 2 0 2 1 3 9 3 
24 1 1 1 1 0 2 0 2 0 4 10 2 
-8 1 1 0 2 0 2 0 2 4 0 7 5 
32 1 1 0 2 0 2 0 2 3 1 8 4 
-48 1 1 0 2 0 2 0 2 2 2 9 3 
32 1 1 0 2 0 2 0 2 1 3 10 2 
-8 1 1 0 2 0 2 0 2 0 4 11 1 
1 0 2 0 2 0 2 0 2 4 0 8 4 
-4 0 2 0 2 0 2 0 2 3 1 9 3 
6 0 2 0 2 0 2 0 2 2 2 10 2 
-4 0 2 0 2 0 2 0 2 1 3 11 1 
1 0 2 0 2 0 2 0 2 0 4 12 0 

12 70 5
1 2 0 2 0 2 0 6 0 0 12 
-6 2 0 2 0 2 0 5 1 1 11 
15 2 0 2 0 2 0 4 2 2 10 
-20 2 0 2 0 2 0 3 3 3 9 
15 2 0 2 0 2 0 2 4 4 8 
-6 2 0 2 0 2 0 1 5 5 7 
1 2 0 2 0 2 0 0 6 6 6 
-6 2 0 2 0 1 1 6 0 1 11 
36 2 0 2 0 1 1 5 1 2 10 
-90 2 0 2 0 1 1 4 2 3 9 
120 2 0 2 0 1 1 3 3 4 8 
-90 2 0 2 0 1 1 2 4 5 7 
36 2 0 2 0 1 1 1 5 6 6 
-6 2 0 2 0 1 1 0 6 7 5 
3 2 0 2 0 0 2 6 0 2 10 
-18 2 0 2 0 0 2 5 1 3 9 
45 2 0 2 0 0 2 4 2 4 8 
-60 2 0 2 0 0 2 3 3 5 7 
45 2 0 2 0 0 2 2 4 6 6 
-18 2 0 2 0 0 2 1 5 7 5 
3 2 0 2 0 0 2 0 6 8 4 
12 2 0 1 1 1 1 6 0 2 10 
-72 2 0 1 1 1 1 5 1 3 9 
180 2 0 1 1 1 1 4 2 4 8 
-240 2 0 1 1 1 1 3 3 5 7 
180 2 0 1 1 1 1 2 4 6 6 
-72 2 0 1 1 1 1 1 5 7 5 
12 2 0 1 1 1 1 0 6 8 4 
-12 2 0 1 1 0 2 6 0 3 9 
72 2 0 1 1 0 2 5 1 4 8 
-180 2 0 1 1 0 2 4 2 5 7 
240 2 0 1 1 0 2 3 3 6 6 
-180 2 0 1 1 0 2 2 4 7 5 
72 2 0 1 1 0 2 1 5 8 4 
-12 2 0 1 1 0 2 0 6 9 3 
3 2 0 0 2 0 2 6 0 4 8 
-18 2 0 0 2 0 2 5 1 5 7 
45 2 0 0 2 0 2 4 2 6 6 
-60 2 0 0 2 0 2 3 3 7 5 
45 2 0 0 2 0 2 2 4 8 4 
-18 2 0 0 2 0 2 1 5 9 3 
3 2 0 0 2 0 2 0 6 10 2 
-8 1 1 1 1 1 1 6 0 3 9 
48 1 1 1 1 1 1 5 1 4 8 
-120 1 1 1 1 1 1 4 2 5 7 
160 1 1 1 1 1 1 3 3 6 6 
-120 1 1 1 1 1 1 2 4 7 5 
48 1 1 1 1 1 1 1 5 8 4 
-8 1 1 1 1 1 1 0 6 9 3 
12 1 1 1 1 0 2 6 0 4 8 
-72 1 1 1 1 0 2 5 1 5 7 
180 1 1 1 1 0 2 4 2 6 6 
-240 1 1 1 1 0 2 3 3 7 5 
180 1 1 1 1 0 2 2 4 8 4 
-72 1 1 1 1 0 2 1 5 9 3 
12 1 1 1 1 0 2 0 6 10 2 
-6 1 1 0 2 0 2 6 0 5 7 
36 1 1 0 2 0 2 5 1 6 6 
-90 1 1 0 2 0 2 4 2 7 5 
120 1 1 0 2 0 2 3 3 8 4 
-90 1 1 0 2 0 2 2 4 9 3 
36 1 1 0 2 0 2 1 5 10 2 
-6 1 1 0 2 0 2 0 6 11 1 
1 0 2 0 2 0 2 6 0 6 6 
-6 0 2 0 2 0 2 5 1 7 5 
15 0 2 0 2 0 2 4 2 8 4 
-20 0 2 0 2 0 2 3 3 9 3 
15 0 2 0 2 0 2 2 4 10 2 
-6 0 2 0 2 0 2 1 5 11 1 
1 0 2 0 2 0 2 0 6 12 0 

12 70 4
1 3 0 3 0 6 0 0 12 
-6 3 0 3 0 5 1 1 11 
15 3 0 3 0 4 2 2 10 
-20 3 0 3 0 3 3 3 9 
15 3 0 3 0 2 4 4 8 
-6 3 0 3 0 1 5 5 7 
1 3 0 3 0 0 6 6 6 
-6 3 0 2 1 6 0 1 11 
36 3 0 2 1 5 1 2 10 
-90 3 0 2 1 4 2 3 9 
120 3 0 2 1 3 3 4 8 
-90 3 0 2 1 2 4 5 7 
36 3 0 2 1 1 5 6 6 
-6 3 0 2 1 0 6 7 5 
6 3 0 1 2 6 0 2 10 
-36 3 0 1 2 5 1 3 9 
90 3 0 1 2 4 2 4 8 
-120 3 0 1 2 3 3 5 7 
90 3 0 1 2 2 4 6 6 
-36 3 0 1 2 1 5 7 5 
6 3 0 1 2 0 6 8 4 
-2 3 0 0 3 6 0 3 9 
12 3 0 0 3 5 1 4 8 
-30 3 0 0 3 4 2 5 7 
40 3 0 0 3 3 3 6 6 
-30 3 0 0 3 2 4 7 5 
12 3 0 0 3 1 5 8 4 
-2 3 0 0 3 0 6 9 3 
9 2 1 2 1 6 0 2 10 
-54 2 1 2 1 5 1 3 9 
135 2 1 2 1 4 2 4 8 
-180 2 1 2 1 3 3 5 7 
135 2 1 2 1 2 4 6 6 
-54 2 1 2 1 1 5 7 5 
9 2 1 2 1 0 6 8 4 
-18 2 1 1 2 6 0 3 9 
108 2 1 1 2 5 1 4 8 
-270 2 1 1 2 4 2 5 7 
360 2 1 1 2 3 3 6 6 
-270 2 1 1 2 2 4 7 5 
108 2 1 1 2 1 5 8 4 
-18 2 1 1 2 0 6 9 3 
6 2 1 0 3 6 0 4 8 
-36 2 1 0 3 5 1 5 7 
90 2 1 0 3 4 2 6 6 
-120 2 1 0 3 3 3 7 5 
90 2 1 0 3 2 4 8 4 
-36 2 1 0 3 1 5 9 3 
6 2 1 0 3 0 6 10 2 
9 1 2 1 2 6 0 4 8 
-54 1 2 1 2 5 1 5 7 
135 1 2 1 2 4 2 6 6 
-180 1 2 1 2 3 3 7 5 
135 1 2 1 2 2 4 8 4 
-54 1 2 1 2 1 5 9 3 
9 1 2 1 2 0 6 10 2 
-6 1 2 0 3 6 0 5 7 
36 1 2 0 3 5 1 6 6 
-90 1 2 0 3 4 2 7 5 
120 1 2 0 3 3 3 8 4 
-90 1 2 0 3 2 4 9 3 
36 1 2 0 3 1 5 10 2 
-6 1 2 0 3 0 6 11 1 
1 0 3 0 3 6 0 6 6 
-6 0 3 0 3 5 1 7 5 
15 0 3 0 3 4 2 8 4 
-20 0 3 0 3 3 3 9 3 
15 0 3 0 3 2 4 10 2 
-6 0 3 0 3 1 5 11 1 
1 0 3 0 3 0 6 12 0 
